10,11,12,13,26,28,11,26,28,11,13,10,12
4,9,19,20,21,26,12,9,4,26,21,19,20
1,7,10,23,28,32,16,23,7,28,10,1,32
4,6,7,10,13,25,3,13,4,7,25,6,10
4,6,15,17,30,31,16,4,30,17,15,31,6
1,3,10,21,26,27,6,1,10,27,26,21,3
1,9,19,21,23,26,7,23,19,9,26,1,21
5,8,9,14,17,23,8,9,8,17,23,14,5
5,9,18,20,22,30,9,30,18,9,22,5,20
1,2,8,13,17,24,13,1,17,24,8,2,13
4,5,11,12,30,32,15,12,11,30,4,5,32
2,12,16,17,27,30,12,17,2,12,16,27,30
8,13,17,21,23,32,12,23,13,8,32,17,21
3,5,7,8,21,31,2,3,21,7,31,8,5
4,11,19,25,26,32,13,25,26,4,11,32,19
11,17,28,30,31,33,6,30,33,11,17,28,31
5,8,18,23,25,31,6,25,31,18,8,5,23
5,16,19,20,25,28,13,16,20,5,19,25,28
4,8,12,13,16,33,9,12,33,13,8,16,4
7,10,25,26,27,32,4,26,25,27,32,10,7
14,15,18,25,26,30,1,15,18,30,26,25,14
2,7,11,12,14,32,8,14,2,32,11,7,12
1,10,20,22,26,31,2,20,31,22,10,26,1
2,7,15,17,22,30,14,15,2,30,17,22,7
1,5,11,13,14,27,12,27,1,14,5,13,11
8,13,15,26,29,31,16,31,26,13,8,29,15
1,11,14,17,27,28,15,17,27,11,28,14,1
6,13,16,20,28,32,7,13,32,16,20,6,28
2,7,15,26,29,32,10,15,32,7,2,26,29
2,6,13,14,23,27,7,27,23,6,13,2,14
11,17,20,22,28,32,1,32,22,17,28,11,20
4,11,25,27,29,30,13,25,27,4,29,30,11
1,7,14,20,27,30,10,27,30,20,1,7,14
8,13,14,16,23,25,14,8,25,16,23,13,14
3,4,5,8,10,11,8,10,4,5,8,11,3
7,21,24,25,27,28,15,27,24,21,7,25,28
9,14,17,18,26,32,7,14,32,26,9,18,17
5,7,8,24,25,27,16,8,7,24,5,25,27
3,5,23,24,27,32,3,5,27,24,23,3,32
4,5,6,12,14,23,16,23,14,4,5,12,6
2,3,17,18,24,25,11,17,18,24,3,2,25
3,5,7,10,15,20,7,20,5,10,15,3,7
2,8,10,19,20,32,13,20,2,8,19,10,32
2,5,9,16,32,33,15,16,33,32,9,5,2
3,7,14,15,17,32,3,3,15,17,7,32,14
7,8,10,11,17,26,11,11,10,7,8,17,26
3,17,26,28,32,33,16,3,32,17,26,33,28
10,12,20,28,30,31,9,31,28,30,20,12,10
3,6,7,13,24,25,15,24,25,13,3,6,7
2,8,17,23,24,26,13,24,23,26,2,17,8
4,13,15,17,24,27,1,13,4,17,24,27,15
1,12,13,23,30,31,11,1,30,12,13,31,23
15,19,20,21,28,29,13,20,29,19,21,28,15
2,5,9,21,31,33,12,9,2,33,21,31,5
6,13,16,21,28,31,16,28,13,16,6,31,21
8,17,21,26,28,29,7,17,8,28,29,21,26
18,19,24,25,30,31,16,25,31,18,24,30,19
9,11,16,28,32,33,2,11,32,33,16,9,28
2,3,5,6,18,30,4,6,5,3,30,18,2
2,4,6,17,21,28,11,6,28,4,17,2,21
3,5,20,21,28,32,2,28,20,32,21,5,3
1,6,12,19,20,32,14,12,6,1,20,19,32
5,8,9,14,21,33,11,8,9,33,5,14,21
4,6,8,12,15,30,1,4,30,6,15,8,12
6,15,16,17,30,33,11,30,6,15,16,17,33
3,7,8,20,24,32,14,32,20,7,3,8,24
5,11,12,13,27,31,10,13,12,31,11,27,5
9,19,25,27,32,33,11,27,9,25,32,19,33
7,11,16,19,26,28,11,16,28,19,7,11,26
1,2,4,17,18,19,8,17,2,1,18,4,19
9,11,12,14,15,33,11,11,9,33,12,14,15
3,6,8,11,19,27,11,27,3,19,6,8,11
2,12,14,21,23,30,13,21,23,14,12,2,30
2,12,19,22,27,32,1,32,12,2,22,19,27
16,17,19,22,31,33,11,17,22,31,33,16,19
1,13,16,18,20,29,2,13,18,29,20,1,16
4,12,16,22,24,25,6,24,16,12,4,22,25
7,12,23,26,29,30,11,26,23,30,12,29,7
12,15,22,23,26,31,4,23,31,22,12,26,15
9,20,24,25,28,30,10,24,28,20,9,30,25
1,2,14,26,29,30,7,1,2,29,26,30,14
7,17,18,19,30,31,14,18,30,31,7,17,19
1,3,14,18,26,28,1,28,1,18,14,3,26
2,6,7,10,17,33,3,7,17,10,2,6,33
1,4,11,12,19,27,14,19,1,4,12,11,27
5,12,16,18,26,30,13,18,30,16,5,26,12
2,3,4,5,24,28,13,5,2,4,24,28,3
3,10,21,22,24,33,12,10,21,24,3,33,22
18,19,21,26,27,33,16,26,19,21,33,27,18
1,2,3,7,10,25,7,7,2,3,25,1,10
10,12,18,22,30,31,11,12,10,31,22,30,18
3,5,6,17,26,33,8,6,3,5,26,33,17
10,19,22,23,25,29,9,29,23,19,10,25,22
9,11,13,16,17,18,7,17,9,16,13,18,11
4,12,18,20,23,32,6,12,20,23,32,18,4
4,12,17,20,25,28,9,25,12,17,28,20,4
1,7,10,22,32,33,13,1,33,32,22,10,7
1,9,10,16,22,24,11,16,10,9,24,1,22
6,7,8,13,14,19,15,19,7,14,13,8,6
1,4,13,23,28,30,3,28,13,4,1,23,30
1,7,27,30,31,33,8,31,33,7,30,1,27
12,14,21,29,30,32,13,21,29,14,12,30,32
3,7,11,17,20,26,12,7,26,11,3,20,17
1,3,5,18,22,23,13,22,23,1,5,18,3
4,7,8,28,30,32,5,30,32,4,28,8,7
5,12,14,15,25,31,9,15,31,25,12,14,5
2,5,6,8,28,30,6,5,6,28,8,2,30
5,10,11,23,24,32,4,11,24,32,23,5,10
1,2,9,22,28,31,4,22,1,31,2,28,9
5,9,11,17,26,27,10,26,5,9,27,17,11
3,10,14,19,20,30,6,30,14,10,3,20,19
1,8,14,17,19,30,3,30,14,19,1,8,17
1,13,21,23,25,32,6,25,21,13,32,23,1
7,8,10,24,29,33,4,33,10,8,29,24,7
4,10,14,18,28,32,15,28,4,10,32,18,14
1,5,9,10,18,32,11,5,32,1,9,10,18
1,2,3,5,10,22,12,10,2,1,3,5,22
9,13,20,22,24,32,5,13,32,22,24,20,9
1,7,9,17,26,31,5,26,17,1,31,9,7
3,6,19,20,21,24,11,21,24,19,6,20,3
2,5,8,11,15,31,13,2,15,8,31,11,5
1,4,8,9,19,20,1,4,9,8,20,1,19
2,7,13,20,27,30,14,2,20,7,30,13,27
2,8,26,27,30,32,16,8,30,27,32,26,2
2,13,17,18,26,30,1,2,13,26,30,18,17
3,4,11,17,20,26,5,26,4,11,17,20,3
11,16,17,25,28,29,7,29,11,25,17,16,28
10,16,18,25,26,29,3,29,25,18,16,10,26
7,17,19,20,21,29,11,7,29,21,17,19,20
8,10,17,22,25,29,14,17,25,29,22,10,8
6,10,13,17,18,21,2,6,10,21,17,13,18
4,9,10,21,22,24,10,9,10,24,21,4,22
2,6,7,12,31,32,5,12,6,7,31,32,2
1,12,18,26,27,28,13,26,1,18,27,12,28
7,15,16,22,23,32,14,15,16,23,7,32,22
1,7,8,11,27,31,6,8,27,31,11,1,7
8,9,11,16,17,29,9,29,11,8,17,9,16
11,12,14,16,25,29,9,14,11,25,12,29,16
6,7,19,21,25,29,2,19,25,6,7,21,29
2,3,9,10,15,29,11,29,10,15,9,2,3
1,12,14,15,17,29,9,15,29,17,1,14,12
2,3,4,9,24,25,2,25,4,2,9,24,3
9,11,14,16,27,28,11,9,28,11,16,14,27
6,8,19,25,29,32,7,32,25,8,19,6,29
1,20,21,25,29,30,2,20,1,30,29,25,21
5,21,23,25,28,32,4,25,23,28,5,32,21
1,8,11,12,27,31,12,12,27,1,8,31,11
4,7,11,19,23,26,10,11,23,4,26,7,19
3,5,11,24,27,28,15,27,24,28,11,3,5
13,16,19,20,23,33,9,16,23,19,13,33,20
1,12,25,27,28,29,13,1,27,25,28,29,12
7,10,13,16,27,28,7,16,7,28,13,10,27
14,15,18,20,27,31,4,18,14,15,31,20,27
13,14,27,29,32,33,8,13,14,32,29,33,27
5,13,20,23,24,25,3,23,24,25,13,5,20
1,6,7,13,16,32,4,6,1,13,32,16,7
2,8,11,13,24,31,15,31,11,24,2,13,8
2,11,15,20,22,29,5,2,20,29,22,11,15
10,12,21,22,30,33,6,21,33,30,10,22,12
3,8,16,17,21,29,6,21,3,8,16,17,29
8,15,18,28,30,33,14,33,30,15,28,8,18
2,7,13,16,23,28,16,16,7,23,28,2,13
5,6,15,19,26,29,13,19,26,6,15,5,29
7,18,21,26,27,28,7,27,7,21,18,26,28
3,5,13,17,25,31,7,17,13,3,25,5,31
8,9,10,14,16,26,7,8,10,9,26,14,16
4,5,10,21,24,26,5,4,24,21,26,10,5
7,13,14,17,19,30,3,13,30,7,14,19,17
3,8,20,23,24,26,16,20,26,24,3,23,8
3,5,21,24,27,32,6,3,24,5,32,21,27
3,20,24,27,29,30,15,24,20,29,3,30,27
14,16,27,28,30,33,6,16,33,28,14,30,27
1,4,8,11,21,25,14,21,8,4,25,1,11
3,8,11,29,30,32,1,29,11,8,32,3,30
10,13,18,19,25,27,1,19,10,27,25,13,18
1,3,7,8,25,26,14,26,8,25,3,1,7
2,10,19,22,24,32,14,19,10,22,2,24,32
14,17,20,25,28,30,14,14,25,17,28,30,20
1,18,20,24,32,33,12,1,24,20,32,18,33
9,13,14,21,30,33,1,33,13,14,30,21,9
1,4,8,13,28,31,2,28,8,1,31,13,4
11,14,20,27,32,33,5,11,33,32,14,27,20
5,9,10,13,24,25,8,9,5,10,24,25,13
19,22,27,28,30,32,1,22,19,28,32,30,27
1,4,12,16,20,30,15,16,30,4,12,1,20
10,19,20,26,29,31,14,26,31,10,29,20,19
3,12,13,25,26,31,3,13,12,26,25,3,31
5,10,21,22,26,33,2,10,22,5,33,26,21
6,8,9,14,24,33,15,8,14,33,6,9,24
2,9,14,19,25,26,15,26,2,25,9,14,19
3,9,12,15,28,32,1,32,12,9,28,3,15
2,3,5,9,16,21,2,5,2,9,21,16,3
7,11,17,18,24,29,5,17,18,11,29,24,7
7,9,10,21,23,30,12,9,21,7,23,10,30
10,15,23,26,28,29,12,26,23,15,29,28,10
1,8,12,13,18,20,7,20,18,1,8,13,12
8,13,14,27,28,31,12,27,14,28,31,8,13
6,8,10,17,30,31,14,17,8,10,6,31,30
14,19,20,21,22,31,11,19,14,20,21,31,22
11,16,18,20,26,31,2,31,26,18,20,16,11
9,13,15,21,26,33,6,21,15,9,13,33,26
8,10,23,25,31,32,7,8,32,10,25,31,23
1,6,9,17,21,22,1,9,6,22,1,17,21
2,16,20,30,31,33,1,20,33,16,30,2,31
1,3,5,8,14,33,3,14,33,3,1,5,8
1,3,7,14,24,25,7,25,3,14,24,7,1
3,4,7,12,30,31,15,12,7,30,3,4,31
6,9,18,20,25,33,6,20,25,6,18,9,33
7,8,18,21,27,32,10,7,27,8,21,32,18
7,13,16,18,30,32,10,32,30,18,7,13,16
3,11,14,22,24,31,15,31,14,11,22,3,24
1,7,8,23,27,28,14,8,27,28,23,1,7
6,9,20,26,28,33,14,9,26,28,33,20,6
9,12,15,19,22,31,16,22,12,19,31,15,9
1,4,8,9,22,23,3,8,9,1,22,23,4
5,9,20,26,28,33,15,28,9,20,26,33,5
2,4,5,15,21,31,16,31,5,2,21,4,15
7,15,17,20,23,33,15,33,7,20,17,15,23
11,19,22,27,32,33,11,33,32,11,22,27,19
2,17,22,27,29,31,14,31,2,29,22,17,27
8,10,11,18,25,26,1,18,8,11,26,25,10
9,11,13,15,22,30,15,9,13,15,30,11,22
2,3,6,16,22,31,5,6,2,22,16,31,3
7,8,16,19,20,24,6,20,7,24,19,8,16
13,19,21,23,30,32,5,32,21,19,30,13,23
4,8,9,16,17,29,15,4,9,8,16,29,17
1,5,6,12,16,30,15,12,1,30,6,16,5
2,6,10,25,27,31,3,25,10,31,27,2,6
1,3,6,22,23,25,6,23,25,22,1,6,3
6,11,12,13,19,22,8,12,6,11,19,13,22
14,16,19,20,25,29,5,20,25,19,29,14,16
2,6,24,26,30,31,16,31,24,26,30,6,2
8,10,12,21,32,33,4,10,32,8,33,12,21
10,15,19,20,21,25,12,19,20,21,10,25,15
5,9,14,27,31,32,13,9,27,14,5,31,32
1,7,10,11,13,32,7,32,7,13,10,11,1
6,12,14,20,25,26,7,6,26,14,25,12,20
1,3,4,6,21,32,15,3,1,32,6,21,4
4,9,22,25,26,32,10,9,26,25,32,22,4
2,14,21,22,27,30,14,2,14,21,22,30,27
1,5,9,14,22,28,5,9,22,28,14,5,1
4,10,16,20,23,32,7,16,20,32,10,4,23
5,15,19,20,25,29,3,19,20,15,25,5,29
7,8,12,14,19,20,7,8,7,20,12,14,19
5,17,18,25,28,32,9,28,17,5,25,32,18
12,16,21,28,29,30,14,21,28,29,30,16,12
12,19,20,21,26,31,15,26,19,31,21,12,20
7,12,14,22,24,32,16,32,7,14,24,22,12
4,7,11,20,27,28,16,28,11,27,20,7,4
2,16,18,19,21,29,9,16,21,2,19,29,18
1,12,21,24,30,32,13,30,21,24,32,12,1
2,11,16,23,24,29,3,16,23,11,29,24,2
11,16,21,26,27,30,15,30,16,27,26,11,21
4,5,6,7,8,32,5,4,5,8,7,32,6
1,6,16,17,18,22,9,18,22,6,17,16,1
1,7,10,15,18,20,10,18,7,15,10,1,20
9,16,18,20,22,24,5,16,9,22,18,24,20
2,3,5,7,8,27,15,7,5,2,3,8,27
6,7,8,10,16,28,2,16,10,6,28,7,8
2,3,8,10,25,27,12,2,3,8,27,10,25
2,9,12,20,26,32,13,2,26,32,9,20,12
3,6,14,19,20,21,2,21,14,20,3,19,6
1,2,14,17,30,32,1,1,14,17,32,2,30
4,7,10,14,27,29,9,4,7,14,29,27,10
5,13,17,18,21,29,14,29,17,13,5,18,21
5,20,22,30,32,33,9,30,5,32,22,20,33
12,17,19,27,29,31,9,19,31,27,17,12,29
5,6,10,15,30,31,13,6,5,15,10,30,31
4,6,10,21,25,26,10,6,21,26,10,25,4
7,11,14,18,24,29,7,24,7,11,18,14,29
9,12,21,25,31,33,13,33,25,9,21,12,31
5,9,14,21,23,24,1,9,24,23,14,21,5
2,7,11,12,20,23,7,2,11,23,12,7,20
2,11,13,18,22,30,4,18,30,2,13,22,11
10,18,23,27,30,32,8,18,32,30,10,27,23
12,16,17,21,22,23,16,12,16,21,17,23,22
2,4,10,11,25,28,5,2,4,10,25,28,11
3,12,16,20,21,26,16,16,26,21,3,20,12
1,8,10,13,25,33,13,33,1,25,8,13,10
7,9,21,24,31,33,12,33,7,31,24,9,21
3,4,8,14,16,26,4,4,8,26,14,16,3
4,8,12,14,16,22,10,8,16,14,12,4,22
6,10,19,20,24,33,11,20,6,24,33,10,19
1,6,8,9,18,20,1,1,9,6,8,18,20
6,9,18,20,26,29,9,29,26,6,18,9,20
11,13,14,16,18,31,14,16,18,11,13,31,14
4,9,11,22,25,28,13,4,22,28,11,25,9
8,17,22,24,32,33,16,22,17,33,24,8,32
3,11,15,20,26,32,11,15,20,32,26,3,11
3,9,20,24,25,28,5,24,28,25,3,9,20
1,12,14,26,27,32,16,14,12,32,26,27,1
2,4,10,12,26,30,3,10,2,30,26,12,4
1,7,11,14,19,20,12,7,1,19,20,11,14
3,5,9,14,16,30,13,5,16,9,3,14,30
1,2,7,15,19,20,3,1,7,15,2,20,19
8,9,13,14,20,22,12,22,14,8,13,9,20
7,11,12,24,27,29,12,24,11,7,12,27,29
8,9,15,16,23,26,8,23,15,16,8,9,26
1,3,7,18,20,24,7,24,18,3,20,7,1
5,19,20,23,26,31,12,5,26,19,31,23,20
1,9,21,25,29,32,3,9,21,25,29,1,32
1,11,12,15,26,27,13,27,12,26,15,11,1
8,13,19,26,28,31,10,8,31,19,28,26,13
4,6,17,23,25,29,14,23,6,29,25,17,4
3,5,9,23,27,33,3,33,27,3,5,9,23
9,12,18,21,28,29,5,12,28,9,29,18,21
4,5,17,18,26,33,4,26,17,4,33,5,18
5,10,23,27,28,30,15,28,10,5,27,30,23
12,15,19,22,31,33,1,33,15,12,31,22,19
10,13,16,22,24,31,9,16,13,31,10,24,22
2,4,9,14,16,31,3,4,2,31,9,14,16
9,16,19,21,22,24,12,22,9,19,21,16,24
2,5,6,14,24,31,12,14,6,5,24,2,31
4,7,16,18,23,30,7,4,18,30,16,23,7
2,4,21,23,30,33,9,4,2,23,21,30,33
4,15,23,30,32,33,3,23,15,32,4,33,30
1,11,13,24,26,31,13,13,31,1,11,24,26
9,10,20,24,25,26,11,9,25,26,24,10,20
3,10,12,24,29,30,6,12,30,29,10,3,24
3,5,13,15,17,31,4,31,3,17,15,5,13
7,10,16,19,24,25,9,25,16,19,24,7,10
3,7,15,16,19,29,9,7,29,3,19,16,15
4,12,22,28,29,30,16,30,29,4,28,12,22
15,18,20,22,26,27,3,26,18,27,22,20,15
6,7,10,15,21,27,6,15,21,10,27,7,6
3,12,18,23,30,33,2,33,18,3,12,23,30
4,6,8,14,15,30,10,15,30,14,6,8,4
6,17,22,27,28,32,3,28,22,27,6,17,32
4,9,12,15,26,31,16,15,4,9,26,12,31
1,7,11,18,20,22,2,1,20,11,18,22,7
1,6,13,18,30,32,14,18,6,1,13,32,30
1,7,20,25,31,32,12,32,31,7,25,1,20
1,4,7,14,30,32,9,32,14,1,30,4,7
11,12,13,17,18,25,7,13,18,12,25,11,17
5,6,10,19,31,33,11,5,31,6,19,33,10
6,14,18,28,31,32,3,6,31,14,18,32,28
2,8,13,19,25,26,9,13,26,19,8,25,2
4,6,11,14,23,25,12,4,25,11,23,6,14
2,4,14,23,29,33,15,14,23,29,2,4,33
5,10,14,20,27,33,3,14,20,10,27,5,33
3,5,9,15,20,25,16,25,20,15,9,3,5
2,7,10,11,12,24,3,2,12,7,10,11,24
2,4,10,18,27,29,15,18,10,4,29,27,2
1,7,14,16,18,25,11,18,14,7,1,25,16
4,13,14,18,26,30,1,4,13,26,14,30,18
1,5,13,15,21,25,11,13,1,15,5,25,21
5,14,16,18,25,27,13,27,16,5,25,14,18
3,9,15,23,25,33,12,9,23,33,25,15,3
3,5,6,11,20,22,13,3,20,5,22,11,6
2,7,20,23,32,33,10,2,33,7,23,20,32
4,6,7,8,12,17,7,4,8,12,17,7,6
3,5,8,12,16,19,15,3,16,19,5,12,8
7,10,12,17,22,29,5,7,17,10,29,22,12
3,10,15,17,20,32,8,10,17,32,3,15,20
1,8,14,15,19,27,9,15,19,14,1,27,8
3,7,8,17,20,28,15,20,28,7,3,17,8
7,11,19,20,24,28,2,7,24,11,28,19,20
6,7,15,27,28,30,10,7,28,6,15,30,27
3,15,17,23,24,29,13,3,29,15,23,24,17
11,16,21,23,25,32,7,16,11,25,23,21,32
3,7,10,14,18,20,2,14,20,18,10,3,7
4,11,12,13,19,30,5,19,4,13,12,30,11
1,5,12,14,21,27,3,12,27,14,5,21,1
4,5,7,21,26,29,1,7,4,5,21,26,29
1,12,15,19,21,28,3,28,12,15,21,19,1
7,13,16,21,26,28,9,13,28,7,21,26,16
2,4,5,6,16,20,12,16,4,5,2,6,20
4,8,17,27,28,31,7,4,8,17,27,31,28
3,19,20,24,26,27,11,19,24,20,27,3,26
8,21,22,23,26,32,14,32,22,8,26,21,23
4,16,18,27,32,33,7,32,27,33,16,18,4
3,5,9,18,28,32,16,18,28,5,3,32,9
5,6,8,20,26,30,6,26,8,5,20,30,6
4,6,12,19,27,29,8,4,29,6,19,12,27
5,7,8,14,27,31,11,31,8,5,27,7,14
9,11,13,27,31,33,10,31,9,11,33,13,27
1,5,6,12,16,21,11,16,5,1,21,6,12
6,14,26,29,32,33,7,32,33,14,29,6,26
2,3,9,15,29,32,3,29,9,32,2,3,15
1,7,13,17,23,30,16,1,7,17,23,30,13
3,4,8,31,32,33,2,31,8,33,4,32,3
1,13,14,17,24,26,5,17,26,24,14,1,13
4,6,13,22,26,32,7,22,13,32,6,26,4
5,9,21,23,26,29,6,26,21,23,5,29,9
1,2,5,20,21,22,9,21,22,1,2,20,5
2,3,4,13,16,27,13,4,3,16,13,27,2
4,13,14,19,23,28,8,13,14,4,19,23,28
2,7,9,11,21,27,6,2,11,27,9,7,21
3,4,17,19,24,32,5,24,3,17,4,19,32
1,2,18,22,29,32,3,2,1,32,29,22,18
6,8,11,14,16,27,15,27,6,8,11,16,14
5,7,14,16,17,27,4,14,7,27,16,17,5
3,4,7,9,14,19,8,4,14,3,7,19,9
8,13,15,17,20,32,14,32,20,15,8,13,17
3,10,12,16,31,32,14,16,32,3,10,31,12
5,18,20,24,26,31,9,24,20,26,18,5,31
15,20,22,23,27,31,6,15,23,27,31,22,20
2,10,15,16,17,33,13,33,16,10,2,17,15
3,9,13,21,27,29,13,3,29,9,13,21,27
4,7,10,16,17,21,9,10,7,4,17,16,21
2,12,23,24,25,32,14,32,25,12,2,24,23
2,14,17,19,22,30,10,19,2,17,30,22,14
16,19,22,28,31,32,3,19,31,32,16,28,22
15,22,25,26,28,33,3,25,15,26,28,33,22
3,10,16,18,21,28,4,28,18,16,21,10,3
3,16,23,26,28,31,11,26,3,28,16,31,23
5,12,13,16,23,32,3,32,16,12,13,5,23
2,10,18,21,30,31,5,10,21,2,18,30,31
6,7,10,14,20,21,4,21,7,6,20,10,14
13,18,23,29,31,32,8,32,18,29,31,13,23
2,17,20,22,28,32,3,17,32,2,20,28,22
9,13,19,25,29,32,12,19,29,32,25,9,13
6,10,12,13,17,20,3,10,12,20,6,17,13
2,6,12,15,25,31,7,15,31,25,12,6,2
2,6,7,17,27,30,16,30,27,2,7,17,6
11,24,26,27,30,32,3,27,32,26,24,30,11
1,11,17,27,28,31,2,28,31,17,1,27,11
3,5,7,10,28,30,4,3,10,7,5,28,30
4,5,28,29,31,33,11,4,31,28,5,29,33
11,13,15,21,23,25,8,13,25,21,11,23,15
3,4,17,18,21,31,8,18,3,17,4,21,31
1,12,22,23,24,25,14,12,24,22,1,25,23
5,10,15,17,27,29,11,17,27,29,10,5,15
5,15,19,23,30,32,14,30,19,15,32,5,23
5,13,17,19,25,30,11,19,25,5,30,13,17
18,22,23,24,26,30,1,30,18,24,26,22,23
4,5,15,21,23,24,8,23,24,15,21,4,5
3,12,14,21,24,28,11,28,3,12,24,21,14
4,8,17,28,29,30,13,8,30,29,17,28,4
6,8,11,18,30,33,5,18,33,11,6,30,8
7,8,11,16,17,24,13,8,7,16,11,24,17
3,7,10,14,30,33,10,10,30,14,33,3,7
5,16,20,22,29,30,8,20,16,29,30,22,5
2,3,11,13,20,27,2,13,20,3,11,2,27
5,11,12,19,29,31,1,29,31,19,11,5,12
2,3,5,20,21,24,8,20,21,3,2,5,24
5,13,16,18,27,29,12,16,13,18,29,5,27
1,3,15,19,25,33,4,19,3,33,1,25,15
10,21,22,23,25,33,11,22,23,21,25,10,33
4,10,17,21,29,32,14,32,29,17,21,4,10
8,9,12,13,19,33,9,19,13,9,12,8,33
3,5,17,22,31,33,12,5,22,17,33,31,3
6,11,13,17,20,32,8,11,6,20,17,13,32
15,17,20,22,26,29,9,26,22,15,29,17,20
14,16,18,21,22,32,4,14,18,21,16,22,32
3,13,15,23,28,29,9,15,3,13,28,29,23
7,9,18,19,26,29,10,18,29,9,19,26,7
1,12,17,21,25,28,12,12,17,21,25,28,1
2,6,18,21,24,25,8,18,6,21,24,25,2
4,6,10,24,26,31,6,6,10,4,31,26,24
4,5,8,9,12,30,5,9,12,8,4,30,5
3,11,20,24,25,26,1,25,3,11,24,20,26
1,13,16,18,19,22,1,1,16,22,13,18,19
2,11,15,20,23,29,11,20,2,11,15,23,29
7,8,12,21,22,24,7,8,12,22,7,24,21
2,8,11,16,20,21,14,8,2,20,21,16,11
2,12,16,18,19,23,5,16,19,12,23,18,2
15,16,17,18,24,33,13,17,18,33,16,24,15
1,3,17,20,21,29,16,29,17,3,20,21,1
1,5,9,13,18,33,14,33,9,18,13,5,1
11,14,15,20,26,27,12,11,20,14,15,26,27
6,7,10,11,18,23,16,10,6,7,11,18,23
9,12,18,23,24,27,5,12,24,27,18,9,23
1,11,18,26,30,32,3,32,30,26,18,1,11
9,12,20,26,27,28,16,12,9,27,26,28,20
1,4,13,19,20,24,11,19,20,24,13,1,4
12,14,15,25,28,31,6,28,12,31,25,14,15
3,7,22,27,28,31,11,7,3,22,28,31,27
5,12,14,15,20,31,1,15,14,31,5,12,20
2,12,14,19,28,33,10,2,28,12,19,14,33
1,6,8,13,17,30,7,30,13,8,1,17,6
2,6,8,20,24,30,9,8,6,30,24,2,20
1,5,17,18,23,26,13,5,18,17,1,26,23
9,12,14,18,27,33,13,14,33,18,12,9,27
1,8,11,16,17,22,15,11,8,22,1,17,16
4,9,13,15,31,33,11,13,33,31,15,4,9
5,14,17,18,28,33,2,14,18,28,5,33,17
8,10,14,20,27,29,16,29,27,8,20,14,10
1,10,20,26,28,29,15,1,29,26,20,28,10
5,16,21,22,32,33,9,33,21,32,22,5,16
6,14,20,22,23,26,9,20,22,23,26,14,6
1,3,7,8,10,30,5,1,7,8,3,30,10
1,2,14,20,27,30,2,1,20,30,27,2,14
6,8,14,15,24,33,9,8,15,6,24,33,14
3,4,6,27,31,33,6,4,3,6,33,31,27
4,5,6,8,22,24,3,24,6,5,22,8,4
2,3,20,25,28,32,6,20,2,25,3,28,32
12,13,14,18,31,32,13,31,18,13,32,14,12
15,19,23,30,32,33,6,19,33,32,30,23,15
2,8,13,16,24,33,9,2,16,24,33,8,13
3,4,11,17,19,30,1,11,3,17,19,4,30
4,15,21,30,31,33,5,30,21,33,15,31,4
9,14,18,22,27,29,12,29,18,22,14,27,9
1,12,21,22,30,32,2,12,32,30,22,1,21
3,4,9,22,26,33,1,4,9,26,33,3,22
6,14,22,26,30,33,1,26,33,14,6,30,22
4,6,20,25,29,31,3,29,4,20,31,25,6
10,13,18,26,28,30,12,13,30,28,26,18,10
4,19,21,22,23,31,4,23,19,4,22,21,31
11,15,17,21,22,24,5,15,24,22,21,11,17
10,14,17,21,27,31,9,14,31,27,10,17,21
4,9,11,17,18,26,8,4,11,9,26,17,18
7,8,14,21,23,25,5,7,8,14,23,21,25
1,8,11,18,19,23,5,23,8,18,1,19,11
16,18,22,23,25,31,11,25,31,22,18,16,23
10,16,19,22,26,27,16,27,10,26,22,16,19
1,15,20,29,31,32,8,29,1,15,31,32,20
4,10,13,16,22,29,6,22,4,29,13,10,16
2,7,23,26,28,31,7,2,7,23,31,26,28
3,9,13,23,28,30,5,28,23,30,9,3,13
1,4,15,17,27,31,1,1,17,31,15,27,4
4,8,12,13,23,29,1,8,12,13,23,29,4
2,3,5,11,15,32,15,5,2,15,32,11,3
8,9,12,18,25,27,12,27,25,9,18,8,12
1,3,4,6,16,22,8,4,22,3,6,16,1
1,14,20,25,27,31,15,1,20,25,31,14,27
1,7,11,20,30,33,10,30,33,1,20,11,7
7,14,18,20,30,33,13,7,18,14,30,20,33
2,4,9,10,20,26,14,26,2,20,10,9,4
5,6,14,20,21,22,1,22,20,6,14,21,5
5,9,11,12,22,27,15,5,22,9,27,11,12
3,7,10,13,25,33,10,25,3,33,7,10,13
1,5,6,16,24,30,12,6,24,16,1,5,30
6,10,14,22,26,27,11,27,14,6,22,26,10
4,12,15,17,22,32,14,32,15,4,17,22,12
1,4,5,18,19,25,10,4,25,18,5,19,1
2,4,14,15,25,27,15,15,4,27,2,25,14
3,8,14,17,30,32,5,32,30,17,8,14,3
3,10,15,25,28,33,16,3,33,25,28,15,10
3,5,7,21,26,28,4,5,3,28,21,26,7
5,15,18,27,29,32,5,5,32,27,15,29,18
1,13,16,20,24,26,9,24,13,16,1,20,26
3,4,8,18,22,30,15,4,30,3,22,18,8
1,18,20,22,26,33,5,18,1,22,20,26,33
5,9,10,24,25,32,14,25,9,24,10,5,32
1,12,18,20,21,26,11,26,21,20,1,12,18
4,11,16,23,29,31,14,23,11,31,4,29,16
5,10,16,20,28,31,14,20,5,31,10,28,16
3,6,9,11,25,31,13,11,25,3,6,31,9
2,4,7,10,18,27,10,7,10,27,2,18,4
3,7,13,17,32,33,2,13,33,3,7,17,32
8,9,17,25,27,32,6,27,25,9,17,32,8
3,16,18,22,23,26,3,18,26,3,22,16,23
1,4,14,16,26,29,10,16,4,29,14,26,1
2,3,9,22,24,27,11,24,22,3,9,27,2
3,8,13,20,29,30,11,3,20,13,30,8,29
6,8,9,11,19,21,10,19,6,8,21,11,9
3,16,21,22,27,30,4,30,16,27,22,3,21
4,6,10,12,19,31,1,4,19,12,6,31,10
4,8,16,24,30,32,16,8,16,32,24,4,30
3,4,11,17,18,28,9,18,4,3,17,11,28
2,9,12,14,23,25,16,14,2,9,12,25,23
1,4,8,12,29,31,6,31,1,29,12,8,4
3,14,21,23,30,31,10,3,21,23,14,30,31
10,11,16,23,31,33,16,23,10,11,31,16,33
3,11,14,19,21,30,5,11,30,21,3,14,19
6,7,19,24,27,29,1,27,24,7,6,29,19
13,14,15,19,24,30,10,19,30,14,13,24,15
1,3,9,11,26,31,12,3,9,31,26,1,11
3,13,16,19,32,33,8,19,3,32,16,13,33
3,8,10,11,14,30,5,3,30,10,14,11,8
9,13,20,21,24,32,8,9,24,21,20,13,32
1,12,18,21,28,30,10,28,12,30,21,18,1
2,6,7,9,19,26,14,6,19,26,9,7,2
2,4,16,18,23,30,6,4,23,16,2,18,30
2,11,12,15,17,28,12,2,12,11,17,28,15
4,14,18,19,31,33,2,4,33,19,31,14,18
1,5,8,13,18,25,2,25,13,18,5,1,8
3,14,16,26,27,33,13,14,33,3,27,26,16
2,3,7,8,26,29,7,3,2,8,7,26,29
10,13,16,17,18,27,11,13,17,18,16,27,10
1,3,16,18,23,28,5,28,16,18,23,3,1
2,6,11,22,28,29,2,28,29,22,2,6,11
14,17,21,29,31,32,12,32,21,31,14,17,29
5,11,18,19,20,21,9,19,11,18,20,21,5
7,8,10,13,25,27,7,25,8,10,7,13,27
1,3,4,6,7,29,14,4,1,3,6,29,7
1,2,8,16,19,29,5,29,8,19,1,2,16
1,6,7,11,20,23,5,7,11,20,6,23,1
8,17,20,29,30,33,9,30,8,17,20,33,29
10,15,17,24,26,28,12,15,28,24,17,10,26
2,6,9,16,21,23,16,21,9,2,23,6,16
4,7,19,21,25,31,7,21,19,31,25,7,4
5,11,16,24,32,33,8,32,33,11,24,16,5
6,11,13,17,21,23,11,11,13,23,6,21,17
11,18,19,22,23,28,1,23,18,19,11,28,22
3,4,11,12,14,32,12,32,12,4,3,14,11
6,8,15,17,18,30,12,18,30,15,6,17,8
1,6,14,21,30,31,9,1,14,21,31,6,30
2,4,8,13,14,33,16,4,13,14,33,2,8
5,9,11,19,28,31,2,11,28,5,31,9,19
8,13,15,25,27,28,3,28,13,27,25,15,8
13,16,17,22,30,32,3,17,22,32,13,16,30
6,12,15,16,20,31,2,6,16,15,12,20,31
6,8,14,21,28,29,2,14,28,6,8,21,29
4,6,7,23,25,32,1,7,23,4,6,25,32
3,4,14,20,21,25,14,20,25,3,14,21,4
1,8,16,18,19,29,4,18,8,29,16,1,19
9,14,15,19,24,33,13,24,33,19,15,9,14
5,15,17,18,25,32,15,32,17,5,15,25,18
11,14,18,20,21,26,5,14,21,11,18,26,20
6,10,12,14,20,27,10,14,20,12,6,27,10
2,12,17,19,29,30,12,30,2,29,19,17,12
5,8,14,22,27,29,16,8,5,29,27,22,14
1,3,4,5,8,21,9,21,3,5,4,8,1
2,4,10,28,29,33,6,28,2,33,4,10,29
3,7,8,15,19,28,3,19,28,8,7,3,15
5,11,13,27,30,31,2,30,31,27,5,13,11
2,11,17,30,31,32,7,30,11,32,17,31,2
14,18,22,23,24,33,9,24,14,23,18,22,33
5,10,13,15,19,29,2,13,5,10,19,29,15
3,5,18,19,24,32,2,19,3,24,18,5,32
1,6,8,18,29,32,7,8,6,32,18,1,29
9,10,20,22,30,32,8,32,22,10,9,20,30
4,8,13,18,26,30,11,4,13,26,18,30,8
2,3,5,11,19,20,12,3,2,19,11,5,20
3,4,14,27,31,33,5,31,3,33,4,27,14
8,18,27,29,30,32,6,18,27,29,30,32,8
15,16,18,21,22,30,14,18,16,15,22,30,21
4,6,8,18,20,33,11,18,8,33,6,4,20
7,9,25,27,30,32,1,25,7,27,32,30,9
2,8,12,14,20,32,4,20,8,12,14,32,2
2,7,10,17,23,29,14,17,7,10,29,23,2
12,18,21,24,25,29,8,12,18,21,24,25,29
2,8,9,18,24,28,10,28,9,8,2,24,18
3,7,12,13,20,33,2,33,12,7,20,13,3
1,4,7,8,13,14,4,1,7,14,13,4,8
2,4,7,15,24,28,3,7,4,15,28,2,24
2,9,10,12,13,17,11,17,9,12,13,2,10
7,11,14,16,25,32,11,16,7,32,14,25,11
4,18,23,25,26,31,10,18,23,31,25,26,4
5,12,15,24,27,33,5,27,12,15,5,33,24
1,5,10,16,20,26,2,16,20,1,26,10,5
3,5,7,11,17,27,13,11,5,7,27,17,3
3,7,9,10,26,32,1,32,7,26,10,9,3
4,10,16,18,25,32,15,32,18,4,25,16,10
3,8,11,13,25,31,12,31,8,25,3,11,13
6,7,11,12,18,25,1,12,7,18,11,6,25
3,10,21,22,27,28,6,21,3,28,22,10,27
4,7,19,24,26,32,9,7,4,32,24,26,19
1,13,15,23,28,32,2,28,1,23,13,15,32
3,7,13,16,19,32,16,19,3,32,7,13,16
3,5,18,20,27,33,1,5,33,3,27,18,20
9,10,19,23,26,31,9,31,26,10,19,9,23
6,9,13,16,24,28,11,28,13,9,24,16,6
9,10,19,21,27,31,5,27,21,31,19,10,9
5,7,20,21,22,30,8,7,20,22,21,5,30
3,5,9,11,27,31,4,5,9,31,27,3,11
3,5,7,16,22,27,5,5,22,7,3,27,16
1,9,16,21,22,23,5,22,23,1,21,9,16
3,6,7,11,13,33,10,6,33,13,11,7,3
1,4,10,13,18,25,15,1,10,4,18,13,25
1,11,16,26,31,33,16,11,16,1,31,33,26
1,2,18,21,25,29,14,25,1,18,2,21,29
3,7,8,18,20,22,3,20,8,22,7,18,3
2,3,15,17,19,25,16,25,17,19,3,2,15
6,10,12,14,16,22,6,6,16,14,10,22,12
1,5,16,21,22,26,11,1,5,22,26,16,21
2,3,4,6,17,31,8,3,31,6,2,17,4
11,20,25,26,27,30,8,30,25,20,26,11,27
1,6,22,23,24,26,4,24,26,22,1,23,6
8,14,23,25,28,32,16,8,28,14,32,25,23
8,9,11,12,25,31,11,31,11,25,9,8,12
4,18,22,24,26,30,9,18,4,30,24,22,26
3,7,18,24,26,27,4,24,26,18,7,3,27
3,9,16,17,23,28,7,28,3,17,16,23,9
1,17,19,22,28,30,3,1,19,30,28,17,22
3,5,11,13,19,24,5,13,11,3,5,24,19
1,6,10,11,23,25,2,11,23,6,25,10,1
11,17,21,29,30,33,8,30,17,21,29,11,33
1,4,19,20,25,31,15,4,1,31,20,19,25
2,4,7,9,14,29,3,14,29,4,9,7,2
3,4,18,22,25,29,9,4,18,22,25,3,29
6,8,11,13,17,19,12,17,8,6,13,11,19
4,8,22,23,27,29,8,29,27,8,4,23,22
3,5,15,22,24,25,15,3,24,25,22,15,5
1,14,16,18,22,27,14,18,27,14,22,16,1
1,13,17,22,23,30,11,30,22,13,17,23,1
2,15,16,23,26,27,7,2,16,27,15,23,26
9,21,29,30,31,32,16,21,31,32,9,30,29
3,8,11,17,21,27,9,3,8,27,17,21,11
2,14,17,21,30,32,3,17,14,30,21,32,2
3,4,5,16,20,30,13,20,5,3,16,4,30
2,8,15,16,22,28,10,28,8,2,15,16,22
3,9,11,17,21,31,14,11,31,3,21,17,9
6,8,11,16,29,33,3,33,8,6,29,11,16
3,12,14,21,29,33,13,14,3,21,29,12,33
2,5,7,17,20,22,2,20,22,2,7,17,5
2,5,6,23,26,33,13,33,23,6,5,2,26
2,9,11,17,27,31,5,31,9,11,2,17,27
3,10,13,15,28,30,3,28,30,15,10,3,13
9,12,19,20,26,28,15,12,26,20,28,19,9
12,18,20,24,28,32,5,28,24,32,12,20,18
8,16,18,25,26,32,2,18,25,32,8,16,26
11,20,21,26,28,30,13,28,20,26,30,11,21
8,16,17,18,19,21,14,17,8,21,19,16,18
5,17,19,27,29,32,3,5,29,17,19,32,27
15,18,19,23,24,26,13,18,23,24,26,19,15
1,13,21,26,29,32,10,26,1,32,29,13,21
1,9,14,22,29,32,12,9,1,14,22,29,32
6,15,18,19,20,28,11,15,28,18,19,20,6
3,6,11,15,21,31,13,6,31,21,3,11,15
5,14,16,21,23,28,13,14,21,28,16,23,5
12,17,18,30,31,33,4,18,30,33,12,17,31
3,5,9,11,21,29,9,3,29,5,9,21,11
7,11,14,17,18,29,16,18,7,29,14,11,17
2,6,13,18,23,28,16,18,2,28,23,6,13
1,12,22,24,28,31,6,1,22,12,31,24,28
3,9,10,11,15,19,13,10,3,9,11,19,15
1,7,10,13,22,29,1,7,13,1,10,22,29
6,13,22,25,27,28,9,25,22,27,6,28,13
8,11,20,22,23,27,4,27,22,20,23,11,8
3,4,9,11,12,24,1,12,9,24,4,3,11
3,10,16,22,27,33,14,33,16,22,10,27,3
5,7,9,20,26,29,9,26,9,29,5,20,7
1,10,13,21,29,32,4,21,10,32,13,1,29
15,16,18,24,28,33,15,16,18,28,24,33,15
9,12,13,14,20,22,10,14,22,13,12,9,20
11,18,21,27,30,32,1,30,27,32,11,21,18
3,10,12,13,19,25,4,13,3,10,25,12,19
1,11,19,24,26,27,3,27,11,1,26,19,24
1,4,8,10,13,33,11,4,8,1,13,10,33
2,10,17,23,29,31,10,31,2,29,23,10,17
6,12,19,20,21,27,4,21,12,19,20,6,27
2,6,16,17,20,25,7,2,16,17,25,6,20
11,16,19,23,26,31,4,26,16,23,11,19,31
8,13,22,23,25,30,7,8,30,22,23,13,25
19,20,21,26,28,30,8,28,20,30,21,19,26
1,12,21,27,29,31,11,27,21,12,31,1,29
2,6,15,29,31,32,16,6,15,2,32,29,31
6,7,8,17,30,32,3,32,30,6,8,17,7
1,2,5,12,26,31,6,2,5,12,1,31,26
6,8,13,17,24,27,15,17,24,27,6,13,8
5,9,11,14,16,17,15,14,9,5,17,11,16
1,2,7,9,12,18,12,1,12,7,2,9,18
5,13,15,19,30,31,5,13,30,19,31,15,5
7,12,21,22,29,30,8,7,21,22,30,12,29
10,11,15,19,26,33,13,19,11,10,26,33,15
5,7,17,23,27,29,7,5,23,29,17,7,27
5,8,17,20,26,30,10,8,5,26,17,20,30
5,6,12,15,18,33,13,12,33,6,15,18,5
1,6,21,26,27,28,9,21,1,26,27,6,28
1,5,10,18,22,30,9,18,1,5,22,10,30
1,9,13,22,28,33,8,22,13,28,33,9,1
1,11,15,19,20,24,9,24,19,15,11,20,1
1,8,14,18,22,30,3,18,22,1,14,30,8
2,5,7,11,13,18,11,18,11,5,13,7,2
4,12,22,26,30,33,9,30,26,4,12,33,22
6,13,16,26,30,33,1,13,30,16,26,33,6
3,4,5,10,20,32,9,32,5,20,4,3,10
4,14,22,25,29,32,14,14,4,25,29,22,32
2,12,13,18,25,31,4,25,31,18,13,12,2
4,8,10,12,21,26,9,8,4,26,21,10,12
7,8,9,18,29,32,9,9,29,7,8,18,32
4,7,13,20,29,30,16,20,13,4,30,7,29
1,4,12,20,24,29,15,24,1,20,12,4,29
4,5,10,26,27,30,12,27,10,26,30,4,5
1,7,26,29,30,31,6,30,1,29,31,7,26
1,6,8,16,17,23,5,6,17,8,23,16,1
3,6,11,16,22,27,11,22,27,3,16,11,6
2,7,14,18,19,24,1,14,19,2,24,18,7
3,12,14,23,31,32,10,31,23,3,12,14,32
1,3,18,27,28,30,5,28,27,30,18,3,1
4,10,12,16,26,28,7,26,16,4,10,12,28
1,4,15,16,23,28,14,28,1,15,23,16,4
3,8,14,21,28,29,3,8,14,21,29,28,3
6,8,12,24,27,31,14,8,6,27,24,12,31
3,6,8,9,16,17,13,6,16,17,3,8,9
6,7,10,11,15,30,1,11,10,6,7,15,30
10,15,16,22,23,24,7,24,23,22,15,16,10
8,14,17,21,27,28,14,8,14,21,28,27,17
9,17,21,26,28,30,4,26,17,21,30,9,28
3,7,12,21,25,32,5,7,32,3,25,12,21
1,12,16,18,22,33,4,22,12,33,16,1,18
3,6,8,17,24,31,1,31,24,3,6,8,17
5,17,19,27,28,32,2,27,19,5,17,28,32
14,19,25,27,29,30,15,27,29,30,14,25,19
6,13,18,22,27,32,4,13,22,32,18,27,6
9,10,15,17,23,30,12,30,15,9,23,17,10
4,7,9,16,21,28,10,28,7,4,16,21,9
10,16,22,23,29,31,2,16,22,10,29,23,31
17,18,21,25,31,32,6,21,18,17,31,25,32
5,13,14,19,22,23,6,19,14,13,23,22,5
6,9,10,12,17,22,9,6,10,22,9,12,17
4,9,20,24,25,31,14,24,25,4,9,20,31
2,12,13,14,17,18,6,18,13,17,2,12,14
3,7,21,22,24,29,14,3,21,24,22,29,7
3,5,7,10,14,33,7,3,33,5,7,10,14
4,9,16,27,31,33,1,27,4,31,33,9,16
5,7,9,15,24,29,7,9,5,7,29,24,15
10,11,22,24,26,33,2,11,24,33,22,10,26
2,22,23,27,31,32,6,27,2,22,31,23,32
2,8,11,14,19,26,15,14,19,8,11,2,26
10,11,15,16,25,29,2,10,16,15,29,25,11
1,7,10,13,21,22,3,22,7,21,10,13,1
10,11,12,15,26,29,9,15,26,11,29,10,12
4,11,12,14,20,30,13,20,4,14,12,11,30
5,8,19,22,27,30,13,5,8,30,22,19,27
1,5,19,20,27,33,5,1,33,27,5,19,20
1,3,18,24,25,32,15,1,24,18,32,3,25
1,12,18,28,30,32,6,18,32,28,30,1,12
2,12,15,18,22,32,8,32,2,22,18,12,15
9,13,16,25,27,33,8,16,13,33,25,27,9
8,11,16,19,24,26,11,26,24,8,19,11,16
10,15,19,20,28,32,2,32,20,19,10,15,28
5,14,15,16,19,21,15,21,15,16,14,5,19
5,9,10,12,18,28,2,18,10,28,5,9,12
1,4,24,28,29,33,9,4,29,1,33,24,28
7,14,19,23,25,32,4,32,25,19,7,14,23
8,9,19,23,25,26,7,19,8,23,25,9,26
7,14,16,29,30,31,14,30,16,7,31,29,14
3,13,20,25,29,33,15,25,13,3,20,29,33
5,6,10,13,17,28,15,5,13,17,6,28,10
12,17,18,19,26,27,6,18,26,19,12,17,27
2,5,10,27,29,33,15,5,10,29,27,33,2
7,13,18,22,26,29,2,22,29,18,13,7,26
7,8,17,19,31,32,10,7,19,31,32,17,8
7,8,14,22,26,33,2,33,22,8,26,7,14
3,5,9,22,26,28,9,22,9,26,5,28,3
10,14,22,28,29,33,2,14,29,28,33,22,10
4,19,22,24,29,32,2,22,24,32,4,29,19
6,8,10,14,17,19,6,10,17,8,14,6,19
1,4,6,22,26,30,8,30,22,4,26,1,6
1,4,18,21,24,30,16,30,18,24,1,21,4
2,5,7,21,22,26,8,21,2,5,22,7,26
4,21,23,24,30,31,4,4,24,21,31,23,30
10,14,17,25,29,33,14,29,33,10,25,17,14
2,3,6,15,25,30,2,3,25,15,30,6,2
3,11,13,17,28,31,3,28,3,13,17,31,11
1,3,8,15,17,21,13,15,1,17,8,21,3
6,12,18,20,26,33,2,6,12,33,26,18,20
1,5,12,23,25,26,15,25,1,26,12,23,5
4,15,16,22,32,33,2,4,33,22,15,16,32
8,15,21,30,31,33,2,30,31,33,8,21,15
3,10,17,19,20,24,2,17,19,3,20,10,24
2,4,13,14,18,23,15,18,23,4,14,2,13
5,11,14,17,18,28,1,14,17,5,11,18,28
4,8,9,21,26,27,9,8,21,9,4,27,26
3,6,9,14,15,18,2,3,15,14,6,18,9
2,4,6,15,17,32,5,15,4,32,17,6,2
2,7,13,16,20,33,3,13,16,2,7,33,20
6,14,15,19,25,26,8,26,15,25,14,19,6
2,5,6,19,27,30,15,5,6,30,27,19,2
6,17,19,20,26,27,4,26,17,19,27,6,20
3,5,7,10,19,23,13,7,3,19,10,23,5
1,4,5,17,24,27,9,24,5,17,1,4,27
5,8,9,10,11,18,8,11,10,9,18,8,5
1,6,7,15,24,30,8,1,15,7,24,6,30
1,3,17,23,30,33,12,30,33,1,23,3,17
10,20,22,23,26,33,11,20,26,23,22,10,33
11,15,17,18,20,30,16,20,17,11,18,15,30
2,7,11,16,27,32,6,27,7,16,32,2,11
3,6,12,15,23,26,10,3,15,6,23,12,26
12,13,15,22,23,29,13,15,13,23,22,29,12
8,14,24,26,28,32,7,26,32,24,14,28,8
1,2,3,15,30,33,1,3,1,30,2,33,15
9,11,12,19,27,32,6,9,12,11,27,32,19
7,8,13,14,29,30,6,8,13,7,30,14,29
9,12,18,21,22,26,7,21,18,26,12,22,9
6,15,21,26,29,31,5,29,26,31,15,6,21
6,9,18,23,32,33,7,33,6,9,23,32,18
2,6,15,18,20,31,3,18,20,15,6,31,2
12,13,15,23,28,32,5,13,12,23,28,15,32
5,12,14,15,21,27,3,27,12,14,15,21,5
4,7,10,20,26,30,12,4,7,26,10,30,20
1,8,23,26,28,33,8,28,23,26,1,8,33
8,16,22,23,27,30,11,8,30,22,23,16,27
4,9,10,15,18,26,7,26,10,18,4,15,9
11,14,16,18,26,30,1,30,11,18,26,16,14
3,4,6,23,30,32,1,32,4,30,23,3,6
16,20,21,26,29,30,9,21,16,20,29,26,30
6,8,11,15,21,22,16,11,6,22,21,15,8
3,7,11,15,17,31,1,7,17,11,15,3,31
9,12,14,20,30,31,6,30,12,14,9,20,31
13,21,24,29,30,32,4,24,30,29,21,13,32
6,10,13,16,21,23,7,10,16,23,6,13,21
9,11,15,19,21,30,8,11,15,21,30,9,19
7,12,18,19,22,28,4,19,28,12,7,22,18
16,17,23,26,31,32,11,26,32,23,17,31,16
3,4,18,22,24,29,11,29,24,4,3,22,18
4,9,10,18,29,32,8,10,32,4,29,18,9
5,7,10,14,17,25,11,10,25,7,5,14,17
5,8,10,15,23,26,9,8,10,23,5,26,15
3,7,13,23,27,30,11,3,7,27,23,30,13
7,13,17,26,32,33,4,13,17,7,26,32,33
10,11,13,16,19,30,3,16,13,11,19,10,30
10,19,20,21,23,32,10,21,32,20,23,10,19
2,5,11,26,30,32,16,5,32,30,11,26,2
1,2,14,23,28,29,15,23,28,2,14,1,29
8,12,20,22,30,33,2,33,8,30,22,20,12
2,15,19,24,31,32,4,19,24,15,2,31,32
4,10,16,23,28,30,5,4,10,30,28,16,23
6,11,18,20,25,30,5,11,30,20,25,6,18
3,5,12,18,21,23,2,12,23,3,18,21,5
1,2,9,10,21,31,10,10,9,2,31,21,1
4,5,23,26,31,32,6,26,4,5,32,31,23
1,3,12,20,21,29,4,20,12,21,29,3,1
9,16,17,18,22,27,14,16,9,18,27,17,22
5,10,16,19,23,28,13,28,10,23,19,5,16
1,13,15,17,20,30,5,13,20,1,30,17,15
9,18,19,25,28,31,6,28,31,18,9,25,19
1,9,14,16,28,32,16,32,1,9,14,28,16
5,7,12,14,15,20,13,12,5,7,14,15,20
2,9,16,21,30,31,13,2,9,16,30,21,31
1,11,13,25,32,33,6,25,32,13,33,1,11
4,5,6,25,29,30,3,4,30,6,25,29,5
11,15,18,21,27,29,2,15,11,18,21,27,29
2,8,12,18,24,28,4,18,24,8,2,28,12
4,9,11,20,32,33,13,9,20,32,33,11,4
4,8,12,17,20,30,3,20,4,12,17,8,30
11,12,13,18,23,32,11,32,12,23,18,11,13
6,11,13,20,28,32,6,13,11,6,28,20,32
4,7,11,15,16,17,2,7,15,4,11,17,16
2,3,7,11,19,32,4,2,32,19,7,11,3
7,9,14,20,23,30,14,14,20,23,9,30,7
3,8,11,14,25,29,4,14,8,25,11,3,29
2,6,7,14,18,31,8,14,31,6,2,7,18
1,11,20,31,32,33,1,32,1,20,33,31,11
3,16,22,25,26,33,14,3,16,22,33,25,26
8,9,14,28,31,33,15,14,28,33,9,8,31
1,26,27,31,32,33,3,26,32,33,1,31,27
7,13,24,26,28,32,14,28,13,32,26,24,7
3,14,15,20,23,30,2,23,15,30,14,20,3
8,9,18,20,25,29,9,25,20,8,18,9,29
2,11,17,27,30,33,11,30,11,2,17,27,33
1,2,5,10,19,24,14,1,10,24,2,5,19
3,5,7,8,14,31,10,7,31,5,14,8,3
6,11,17,20,23,24,9,24,23,11,20,17,6
20,22,26,29,30,32,16,20,32,30,29,22,26
2,8,10,16,27,30,15,10,16,2,27,30,8
1,2,15,18,20,29,4,20,18,15,29,1,2
7,8,20,23,28,29,5,7,28,23,8,20,29
4,10,17,28,32,33,2,33,4,10,17,28,32
5,6,7,14,25,28,1,14,7,5,6,25,28
4,10,13,15,19,30,14,13,4,15,10,30,19
2,4,7,14,15,25,15,25,4,15,14,7,2
6,7,18,24,30,32,9,30,24,7,32,18,6
4,12,20,25,28,29,16,20,25,28,12,29,4
3,5,11,12,31,32,11,3,12,31,32,11,5
2,9,13,15,19,24,3,2,15,19,24,9,13
5,17,21,25,27,32,14,17,27,21,25,32,5
5,9,15,21,26,31,13,9,5,21,15,31,26
12,16,25,26,27,31,5,27,26,25,12,31,16
6,7,10,12,15,21,5,10,12,7,6,15,21
1,2,8,12,16,30,16,1,2,8,12,30,16
2,4,6,10,25,30,9,6,2,30,10,4,25
7,14,16,27,29,32,1,27,32,14,16,29,7
9,13,20,22,25,28,14,20,13,22,25,28,9
3,4,22,23,28,30,10,30,23,28,4,3,22
6,7,8,22,26,27,12,22,26,27,7,6,8
3,5,6,10,19,23,15,10,6,3,19,23,5
2,11,12,14,15,16,4,2,12,11,16,14,15
5,8,15,16,26,32,1,5,15,26,8,32,16
6,7,16,17,24,25,7,6,25,16,17,7,24
2,3,7,12,13,30,11,30,7,13,3,2,12
16,23,25,26,32,33,5,32,25,26,33,23,16
4,14,15,21,23,30,7,15,30,4,23,21,14
5,9,13,18,20,32,1,13,5,9,32,20,18
3,5,12,15,28,33,6,5,15,28,33,12,3
1,3,14,19,30,33,16,30,14,1,3,33,19
1,4,14,22,30,33,1,30,1,33,22,14,4
8,12,14,15,17,21,1,17,14,21,8,15,12
4,7,14,26,32,33,14,14,33,7,4,26,32
1,5,15,17,27,29,2,29,27,17,5,1,15
4,5,11,18,22,33,12,11,33,4,22,18,5
2,13,21,28,29,31,9,31,29,13,21,2,28
7,11,15,19,20,24,13,20,15,19,24,11,7
5,9,11,17,23,28,10,9,28,23,5,11,17
1,5,10,17,18,29,12,17,5,18,1,29,10
3,5,11,15,26,33,11,11,33,26,3,5,15
3,9,16,20,22,33,15,16,9,20,22,33,3
6,8,10,18,22,32,16,8,6,32,10,22,18
6,12,15,22,29,32,10,15,29,32,22,6,12
1,3,16,18,22,29,4,16,18,3,29,22,1
4,6,7,16,19,20,4,7,20,4,16,6,19
6,8,10,16,25,30,14,6,25,10,30,8,16
3,4,19,21,27,28,5,27,21,3,19,4,28
6,7,8,20,21,25,10,25,7,8,6,20,21
1,7,12,14,18,25,16,12,18,14,25,1,7
7,17,18,27,29,32,13,27,32,29,7,17,18
3,6,7,23,30,33,13,7,30,6,33,23,3
14,22,26,27,28,31,4,14,27,22,28,26,31
1,12,13,16,23,28,7,28,16,13,12,23,1
3,5,6,8,17,18,14,18,17,5,8,6,3
3,5,7,13,14,18,5,13,14,3,5,7,18
14,22,27,28,30,33,14,22,33,28,14,30,27
5,7,13,15,18,30,14,5,13,15,7,30,18
1,9,13,21,24,32,6,21,13,9,24,32,1
7,8,12,15,22,26,8,26,8,12,15,7,22
7,8,14,22,24,30,7,8,7,30,24,14,22
2,8,13,14,25,33,10,25,13,14,8,33,2
1,2,3,16,18,23,12,3,2,16,1,18,23
1,3,7,14,26,28,2,1,3,26,7,28,14
1,4,16,21,23,28,6,21,23,28,16,4,1
2,8,10,12,30,33,16,10,33,30,12,8,2
1,3,6,11,12,23,11,6,1,23,12,11,3
11,28,29,30,32,33,2,29,11,32,30,33,28
2,10,22,24,26,27,6,27,24,2,22,26,10
5,6,14,22,24,26,9,24,14,22,5,6,26
2,9,16,17,19,25,4,19,25,17,9,16,2
1,2,18,29,31,32,2,32,29,31,18,2,1
2,9,11,22,24,27,11,11,2,9,22,24,27
7,16,26,27,29,31,14,7,26,31,29,27,16
4,5,7,10,13,25,11,5,7,13,4,25,10
2,4,5,8,19,22,12,22,2,4,19,8,5
3,4,15,25,26,30,13,15,25,3,4,30,26
1,3,6,12,16,32,12,12,6,3,32,16,1
1,5,14,16,17,22,3,5,1,16,14,22,17
3,6,10,16,25,31,5,6,25,3,31,10,16
5,7,13,24,25,28,4,7,25,5,13,28,24
8,18,21,28,29,33,8,28,18,21,29,8,33
8,10,11,12,25,29,9,8,12,11,25,29,10
6,11,13,22,25,32,12,25,22,11,13,6,32
9,10,11,18,19,21,10,21,18,10,9,11,19
6,13,14,28,29,30,8,29,28,6,14,30,13
3,16,19,21,24,26,6,3,19,21,16,24,26
1,6,7,11,13,16,1,1,16,6,7,11,13
8,17,21,23,25,32,12,8,25,17,32,23,21
12,19,24,25,30,32,11,24,25,19,32,30,12
3,5,13,19,25,29,12,3,29,25,13,5,19
3,6,11,20,31,32,10,32,11,20,31,3,6
4,10,19,22,28,33,4,19,22,33,10,4,28
3,9,21,23,27,31,5,3,9,27,23,31,21
2,3,4,13,20,29,1,20,2,13,29,3,4
11,12,21,23,27,32,5,23,21,12,32,11,27
3,10,13,20,21,32,15,13,20,32,21,3,10
1,6,8,10,23,33,2,23,8,6,1,33,10
1,6,10,26,27,28,2,6,10,27,1,28,26
7,21,22,26,28,30,11,30,7,28,22,26,21
4,17,23,27,28,32,3,28,27,17,23,32,4
1,2,19,23,27,29,10,1,2,29,27,19,23
3,22,24,27,28,30,14,28,24,27,30,3,22
1,6,8,12,14,25,6,8,1,12,25,14,6
2,3,13,19,20,23,8,13,20,3,2,19,23
1,2,3,8,13,32,7,32,13,3,1,2,8
5,11,12,19,25,32,5,12,25,11,5,32,19
1,4,11,17,19,29,12,4,19,11,1,17,29
1,9,11,12,18,30,10,18,1,11,12,9,30
1,8,15,18,22,27,9,27,18,15,1,22,8
2,4,16,19,22,26,12,2,22,4,26,19,16
11,13,15,20,31,33,3,20,11,15,31,13,33
2,6,10,17,23,24,3,6,2,23,17,24,10
8,14,25,26,30,31,11,26,8,30,31,14,25
2,7,8,17,30,32,12,32,30,17,2,8,7
1,3,21,22,31,32,7,1,22,31,32,21,3
1,7,10,14,21,25,1,1,14,21,7,10,25
3,13,18,20,23,28,13,13,20,18,23,3,28
12,14,20,22,24,32,11,14,32,24,22,12,20
8,13,23,27,31,33,7,13,33,8,27,31,23
5,13,14,17,20,26,1,14,13,26,5,20,17
6,8,22,23,30,31,1,31,30,22,23,6,8
1,16,20,23,27,31,2,16,23,20,1,27,31
2,10,17,18,19,29,15,18,17,19,10,2,29
5,9,12,13,15,22,14,22,5,13,9,15,12
1,12,14,29,31,32,15,1,31,32,12,29,14
2,8,14,20,21,24,9,21,8,14,20,24,2
1,3,9,11,17,23,12,3,11,17,23,9,1
8,11,12,14,18,22,2,18,14,11,22,8,12
8,10,13,14,16,23,16,14,10,16,13,8,23
2,3,9,24,26,27,5,24,27,3,2,26,9
1,8,13,14,27,31,2,13,31,8,1,27,14
2,20,21,22,23,31,12,20,2,22,23,31,21
2,10,14,18,20,30,3,2,18,10,20,30,14
1,8,12,13,24,27,8,27,12,24,1,13,8
5,21,28,29,30,31,8,31,5,29,28,21,30
1,8,16,17,25,30,10,8,25,1,16,30,17
5,6,15,23,27,30,12,6,27,23,15,30,5
7,8,9,16,23,26,1,23,8,16,26,7,9
1,6,10,15,25,31,14,15,6,1,31,25,10
6,13,16,20,22,24,16,13,20,24,22,16,6
3,13,19,27,28,30,2,3,13,28,19,30,27
9,10,19,28,32,33,6,33,28,10,32,9,19
3,5,7,27,31,32,10,27,32,31,7,3,5
9,11,16,17,25,27,14,27,11,9,25,17,16
7,12,21,23,24,28,3,7,12,21,24,28,23
10,16,18,21,24,26,1,18,16,24,26,21,10
1,3,8,16,29,33,7,1,16,29,33,8,3
3,4,17,24,27,30,6,30,24,27,3,4,17
1,6,12,22,23,26,8,23,6,12,22,1,26
4,9,18,21,25,26,6,18,26,25,4,9,21
4,11,16,20,22,29,10,4,20,11,16,22,29
6,9,14,17,20,33,9,20,33,9,6,14,17
7,17,23,24,27,32,2,17,23,27,32,24,7
1,8,9,19,21,31,11,19,8,21,1,9,31
2,6,8,15,26,29,16,26,15,29,8,6,2
8,12,15,17,22,33,16,8,15,22,12,17,33
2,4,8,20,23,24,7,4,23,24,20,8,2
4,15,18,25,29,32,15,25,18,32,15,29,4
1,3,12,24,26,27,1,3,1,24,12,26,27
4,7,8,13,17,18,10,17,4,18,7,8,13
1,8,18,24,29,30,16,8,1,24,18,30,29
5,10,15,18,20,28,10,5,18,20,15,28,10
1,8,11,15,17,25,1,1,17,15,25,8,11
1,22,24,25,29,33,15,22,1,24,29,33,25
5,9,10,20,22,26,7,26,10,22,20,5,9
1,8,20,22,24,28,1,8,24,28,1,22,20
5,8,11,13,15,25,5,8,5,15,13,11,25
7,17,25,27,30,31,9,31,25,27,30,17,7
1,2,5,6,10,29,16,10,6,29,1,5,2
8,11,13,18,25,30,15,8,30,18,13,25,11
2,9,12,16,25,27,6,12,16,25,27,9,2
6,12,15,18,29,32,10,18,29,6,32,12,15
2,6,8,11,12,25,2,6,8,12,11,25,2
6,7,13,23,28,29,9,23,28,7,13,6,29
3,13,18,20,27,28,5,28,3,13,18,27,20
1,4,8,17,25,33,1,17,4,25,8,33,1
4,11,19,20,24,28,12,28,4,24,19,11,20
4,8,14,25,28,32,16,32,14,4,8,28,25
1,2,7,15,21,31,16,31,7,2,1,15,21
5,6,15,16,19,26,6,15,16,6,26,5,19
2,10,12,18,24,33,15,12,10,2,33,18,24
3,9,17,21,26,32,1,32,17,9,3,21,26
9,15,16,22,27,28,6,27,16,15,22,28,9
4,10,13,25,26,30,10,4,10,13,26,30,25
4,10,23,24,26,33,10,26,10,24,4,33,23
7,9,10,13,19,33,6,33,13,9,19,10,7
1,21,23,24,26,30,5,1,26,24,23,30,21
11,13,18,20,26,31,9,26,18,11,31,20,13
1,12,13,18,26,29,15,29,18,1,12,26,13
2,3,7,18,23,27,6,23,3,7,2,27,18
2,16,18,23,26,27,10,2,16,26,27,23,18
9,16,18,26,30,31,14,16,30,9,18,26,31
2,3,8,15,19,21,11,21,15,19,2,3,8
3,21,24,27,28,31,8,27,3,31,24,21,28
1,17,18,22,25,32,1,22,25,18,32,17,1
2,8,15,18,24,30,3,8,30,18,24,2,15
1,3,7,18,23,27,12,18,23,7,3,27,1
2,7,8,16,25,30,9,7,25,16,2,8,30
2,17,18,23,29,30,6,18,30,17,23,2,29
2,13,14,17,19,26,14,2,13,14,17,19,26
4,9,17,21,25,31,1,21,4,9,17,25,31
3,6,12,19,30,31,13,6,30,19,3,12,31
3,9,20,24,26,32,10,26,3,32,9,24,20
6,8,12,17,28,33,5,28,6,17,12,8,33
13,14,21,22,23,27,4,27,13,21,14,22,23
4,6,8,10,13,26,5,13,6,26,10,8,4
6,9,12,14,20,22,13,9,12,14,20,22,6
1,3,5,13,16,18,5,1,13,18,3,5,16
1,9,17,24,26,31,5,9,17,1,24,31,26
10,12,13,17,24,31,15,31,24,10,12,13,17
17,18,23,24,25,26,4,17,18,26,23,25,24
1,4,5,9,15,19,13,15,9,1,19,4,5
1,12,18,19,21,24,10,18,19,24,12,1,21
7,8,11,13,15,26,13,11,26,7,13,8,15
1,3,13,16,21,22,8,3,22,1,13,16,21
5,7,10,11,23,26,16,26,7,23,5,11,10
3,6,13,26,27,29,7,26,29,3,13,6,27
3,4,16,17,22,29,13,17,16,22,3,4,29
2,6,15,23,26,33,8,23,6,26,33,15,2
13,15,18,28,30,33,1,15,28,30,13,33,18
2,4,12,19,32,33,16,12,19,32,2,4,33
12,16,17,19,24,30,5,19,16,24,17,30,12
1,2,14,18,25,31,8,31,18,2,25,14,1
2,7,14,16,17,21,5,16,21,2,17,7,14
2,3,6,21,22,25,5,3,6,2,21,22,25
5,7,10,19,26,31,14,31,10,19,26,5,7
8,25,26,31,32,33,9,25,31,26,32,8,33
7,8,17,19,21,26,12,19,17,8,26,7,21
13,18,21,22,25,26,1,26,21,13,25,18,22
1,4,5,14,16,17,1,16,5,17,14,4,1
1,4,9,10,20,31,7,10,1,31,4,20,9
2,9,19,24,25,33,10,9,33,25,24,19,2
16,17,24,28,29,32,12,29,28,24,32,17,16
3,5,7,13,14,15,15,5,15,14,7,13,3
2,8,12,13,19,29,4,8,13,29,12,19,2
13,14,17,19,24,31,8,13,19,31,24,17,14
13,14,18,20,27,31,2,18,13,27,31,20,14
2,11,20,22,24,31,5,24,2,22,20,11,31
1,3,4,6,17,25,11,6,25,4,3,17,1
2,14,15,19,23,24,12,2,23,24,19,15,14
3,7,10,16,24,29,13,3,10,24,16,7,29
5,11,14,24,26,28,13,11,5,28,14,24,26
4,10,12,13,30,32,13,13,12,10,4,32,30
5,13,15,17,19,21,15,13,19,5,17,15,21
4,13,14,17,25,31,4,25,14,31,4,13,17
3,14,16,26,27,31,9,16,27,26,31,14,3
2,16,17,20,26,32,8,17,32,26,16,20,2
9,17,18,26,29,30,8,30,29,17,18,9,26
4,13,23,25,27,33,14,13,25,23,4,33,27
10,14,18,25,26,27,15,18,10,25,14,26,27
1,11,17,18,27,31,14,31,11,1,27,17,18
4,5,19,22,28,29,15,19,28,5,22,4,29
1,7,11,14,15,16,14,11,1,16,7,14,15
4,5,8,19,27,28,8,5,19,28,4,8,27
3,6,10,12,22,30,15,22,3,30,12,6,10
8,11,16,17,22,33,8,22,33,8,17,16,11
8,13,16,17,29,32,16,29,13,17,16,8,32
13,16,19,20,23,25,10,16,25,20,23,19,13
4,6,20,21,26,33,2,33,21,6,4,26,20
7,18,22,30,32,33,6,32,18,7,30,22,33
24,26,27,29,31,33,16,29,27,33,31,24,26
10,11,13,21,27,31,1,27,10,21,11,31,13
2,3,8,13,19,21,3,19,3,8,21,2,13
4,8,9,10,29,30,3,4,29,10,8,9,30
4,6,13,15,18,19,5,19,15,18,13,4,6
3,6,7,29,30,33,2,6,29,30,7,3,33
4,16,23,25,27,29,3,16,29,25,4,27,23
4,6,14,17,30,32,12,30,14,32,4,17,6
17,19,20,24,25,27,12,24,19,27,17,20,25
3,7,10,15,19,24,10,15,10,19,24,3,7
2,13,16,18,24,30,12,30,24,2,18,13,16
1,3,5,12,21,28,12,21,12,3,1,5,28
1,2,15,22,28,30,2,28,15,30,2,1,22
1,6,10,11,18,27,12,18,10,6,1,27,11
3,4,5,12,17,21,14,21,5,4,12,3,17
2,21,26,28,29,32,1,26,32,21,28,29,2
7,9,10,12,31,32,13,9,32,12,31,7,10
6,19,21,26,32,33,13,33,26,32,19,6,21
1,7,8,15,26,29,10,7,26,15,29,1,8
3,5,13,20,22,29,9,5,13,20,22,29,3
3,14,15,16,24,29,5,15,29,16,3,24,14
2,7,9,25,31,32,9,7,32,31,2,9,25
6,14,19,23,25,32,12,23,25,32,14,19,6
7,16,17,20,25,26,4,26,25,20,16,7,17
7,16,18,24,28,29,6,7,28,29,16,18,24
9,10,12,16,18,32,15,32,12,16,18,10,9
3,6,11,21,24,31,10,3,24,11,6,31,21
6,7,9,12,17,24,9,12,24,6,17,9,7
2,3,4,5,18,28,1,5,18,4,3,2,28
3,9,17,20,21,29,4,20,17,9,3,29,21
1,2,11,24,29,30,12,24,11,29,30,2,1
2,5,14,18,21,25,16,25,18,5,2,21,14
9,15,21,23,28,30,3,28,21,9,30,23,15
5,10,17,26,31,32,4,17,32,31,5,10,26
4,7,11,13,23,30,9,23,13,11,4,30,7
9,11,12,17,18,19,5,11,9,12,19,18,17
3,7,8,10,23,24,5,7,3,10,24,8,23
1,4,7,13,14,19,15,14,13,4,19,1,7
9,17,19,20,21,26,16,26,20,9,17,21,19
3,7,20,21,22,32,5,21,3,7,22,32,20
10,12,13,21,26,27,14,26,21,27,12,10,13
7,11,21,23,31,32,5,23,21,7,31,11,32
6,10,19,23,29,31,6,10,23,29,6,31,19
1,5,13,21,27,31,11,21,5,31,13,1,27
4,5,10,13,15,16,12,5,15,10,16,4,13
9,10,16,20,25,29,9,9,10,29,20,16,25
4,6,23,25,27,28,1,4,6,23,28,27,25
2,11,12,14,24,32,14,2,11,12,14,24,32
4,9,16,17,22,29,15,4,22,16,17,9,29
2,17,22,26,29,33,10,2,22,26,17,29,33
1,3,9,15,16,33,15,16,33,1,3,15,9
12,14,21,26,28,33,12,33,26,21,28,12,14
1,3,5,20,25,27,4,1,5,3,20,25,27
3,5,16,18,23,24,15,3,5,16,18,23,24
6,10,11,25,32,33,5,33,25,6,11,32,10
1,14,15,16,30,32,9,14,16,15,30,32,1
7,8,9,12,17,33,16,17,33,9,7,12,8
1,7,11,12,17,27,5,27,12,1,7,17,11
8,10,19,26,28,30,4,8,19,26,10,30,28
5,6,11,14,20,21,10,6,14,11,21,5,20
9,12,14,19,28,32,1,12,9,32,14,19,28
4,14,17,28,30,33,7,30,28,17,14,33,4
4,14,22,25,32,33,2,14,4,22,33,32,25
10,12,18,26,27,31,3,27,31,12,18,26,10
1,4,5,14,19,28,16,19,14,4,28,5,1
9,18,19,26,31,32,16,19,9,31,26,18,32
3,10,15,24,27,32,8,15,32,24,27,3,10
3,7,13,18,23,26,16,26,13,18,7,3,23
16,19,22,23,27,29,11,23,22,16,19,29,27
9,11,14,17,19,23,12,19,23,14,9,11,17
7,10,11,21,23,26,6,23,26,10,21,11,7
7,14,18,23,25,32,15,32,18,23,14,25,7
2,7,9,17,21,25,1,17,21,2,7,9,25
2,5,12,13,25,33,7,25,5,12,13,2,33
12,14,20,21,25,31,16,14,21,20,25,31,12
1,2,6,7,30,31,10,7,6,30,31,2,1
12,13,17,20,25,26,12,17,20,25,12,26,13
2,4,6,20,22,31,7,6,2,31,22,20,4
2,11,18,23,30,33,13,30,11,18,2,33,23
1,5,15,24,28,32,7,28,15,32,1,5,24
8,20,24,27,30,31,3,27,8,30,24,20,31
4,18,20,22,27,29,6,4,18,27,29,20,22
2,4,6,19,24,29,11,2,29,19,6,4,24
12,15,16,26,29,31,2,31,16,29,15,12,26
7,8,12,14,15,30,16,8,7,14,12,15,30
1,2,9,10,16,24,3,1,2,16,10,9,24
2,4,14,15,26,30,4,4,2,14,15,30,26
11,23,26,28,32,33,10,23,33,26,11,28,32
4,8,12,17,18,30,10,8,18,30,4,12,17
5,14,22,23,25,26,14,26,23,22,25,5,14
4,5,6,7,23,31,16,5,31,6,23,4,7
8,10,12,15,22,27,13,8,10,27,22,12,15
7,11,16,19,31,33,10,31,7,11,16,33,19
4,10,11,12,21,26,13,12,4,26,11,21,10
5,8,9,10,20,25,13,10,25,5,9,8,20
1,4,5,9,15,17,6,4,5,15,1,9,17
2,3,7,9,10,32,13,32,3,7,2,10,9
3,6,8,24,29,31,9,24,8,6,31,3,29
1,5,10,11,21,23,16,1,11,23,10,5,21
7,9,18,27,31,33,6,7,31,27,33,18,9
2,22,25,29,32,33,8,22,25,2,29,32,33
10,17,19,27,28,32,4,19,32,28,17,10,27
1,12,20,23,24,29,8,29,20,1,12,23,24
4,16,24,26,27,33,11,27,24,16,4,33,26
1,3,13,19,25,26,10,13,3,25,19,1,26
4,14,15,16,20,26,5,14,15,20,26,16,4
15,17,18,20,23,27,1,15,17,27,18,23,20
6,8,24,29,30,32,13,24,6,30,8,32,29
1,2,5,16,28,30,12,1,5,28,30,2,16
1,3,6,10,21,23,15,3,1,21,10,23,6
2,5,12,17,22,25,8,22,17,12,25,2,5
6,9,14,19,25,28,10,28,25,19,9,6,14
3,5,6,22,26,32,15,22,26,5,32,6,3
7,14,18,20,22,30,16,30,22,7,20,18,14
3,8,12,18,23,29,11,12,3,23,29,18,8
1,15,16,18,22,30,3,1,18,30,22,15,16
4,8,12,24,26,27,4,26,8,12,27,24,4
5,9,15,23,24,33,2,9,15,23,33,5,24
4,12,19,21,25,28,13,25,28,4,12,19,21
3,8,9,17,25,27,6,25,3,9,27,8,17
3,7,9,15,24,25,16,3,25,15,9,24,7
4,16,22,25,30,31,12,25,30,22,31,16,4
10,15,20,21,28,30,11,30,15,10,28,21,20
4,7,15,25,26,28,3,7,25,26,15,4,28
9,10,17,18,21,31,8,18,21,31,10,9,17
4,16,22,24,27,31,3,22,4,24,31,27,16
1,2,10,17,22,24,4,2,24,10,22,17,1
2,3,15,16,17,27,4,27,16,3,17,15,2
2,3,8,23,32,33,16,2,23,33,3,8,32
9,11,12,21,24,26,5,24,12,11,21,26,9
2,11,13,18,19,26,9,2,19,26,11,18,13
5,14,19,24,28,33,9,24,19,14,5,28,33
9,10,11,15,19,33,16,15,19,11,9,33,10
1,2,5,13,22,29,8,2,22,1,29,13,5
3,8,9,22,25,31,10,22,9,31,8,25,3
8,11,15,20,24,32,2,20,24,8,32,11,15
5,6,11,19,24,28,16,5,6,19,24,28,11
2,9,11,21,26,33,3,2,11,33,26,9,21
6,9,10,14,22,25,3,9,6,25,10,14,22
8,11,20,21,27,30,9,21,20,27,8,30,11
4,12,19,20,23,33,6,20,33,19,4,12,23
6,7,11,16,32,33,11,6,33,11,7,32,16
1,5,14,22,24,30,10,30,5,1,14,24,22
4,12,13,19,20,32,2,20,19,4,12,13,32
7,13,15,17,19,24,11,15,7,13,17,24,19
2,12,14,17,30,31,9,2,14,17,12,30,31
2,3,5,6,20,24,4,3,5,20,6,24,2
4,15,22,25,27,33,4,33,25,4,22,27,15
6,14,18,20,30,33,14,14,20,18,30,33,6
4,6,13,20,24,28,1,6,24,28,4,13,20
4,7,14,17,26,31,10,4,14,26,31,17,7
3,5,19,21,27,31,4,21,31,27,3,5,19
3,6,15,20,25,26,4,20,26,25,3,6,15
4,13,21,22,26,31,1,21,13,26,4,22,31
7,10,13,16,17,29,1,17,16,29,7,10,13
3,8,11,12,14,18,14,3,18,11,8,14,12
2,13,16,17,20,31,7,2,31,17,16,20,13
2,10,17,19,24,27,12,24,17,10,2,19,27
5,10,11,16,23,24,11,23,10,16,24,11,5
8,10,18,19,27,31,14,19,8,27,10,18,31
1,2,9,26,29,33,12,1,26,29,2,9,33
4,5,10,21,26,30,16,4,26,30,10,21,5
5,17,22,26,32,33,10,32,22,17,5,26,33
8,10,11,18,20,29,6,20,11,18,10,29,8
2,3,4,24,31,32,11,4,2,31,32,24,3
3,4,19,21,22,23,8,21,19,23,22,3,4
2,3,7,9,13,30,6,2,3,13,30,7,9
4,7,9,10,17,27,5,27,17,7,9,10,4
15,16,18,19,28,32,8,32,16,28,19,18,15
4,6,22,23,29,32,11,6,23,4,32,29,22
11,18,22,27,29,30,15,29,22,11,18,30,27
2,4,13,18,26,28,12,26,28,2,18,13,4
8,15,22,24,28,33,12,15,24,8,22,28,33
6,7,12,24,30,33,12,33,24,6,12,30,7
4,9,14,15,16,27,3,9,15,14,4,16,27
2,5,10,24,25,29,6,29,5,25,2,24,10
2,4,11,18,22,29,6,22,11,4,29,18,2
4,9,14,15,26,33,4,4,33,15,14,26,9
2,10,20,26,28,29,14,2,28,26,20,29,10
5,17,24,30,31,33,5,24,17,30,5,33,31
8,9,13,15,22,23,8,9,8,23,15,13,22
3,10,11,13,14,22,9,13,14,11,10,3,22
3,5,23,24,27,31,15,23,3,24,27,5,31
3,7,10,13,14,25,11,25,3,13,14,10,7
2,13,20,25,29,30,11,20,30,25,2,29,13
1,5,7,8,19,21,16,7,5,21,19,8,1
6,13,17,18,28,32,3,17,18,32,28,6,13
3,5,19,21,24,33,13,19,24,33,21,3,5
6,9,14,16,23,33,15,14,9,33,23,16,6
17,24,27,28,29,30,2,24,29,17,27,28,30
4,7,11,16,29,33,7,7,29,11,16,33,4
5,8,13,14,19,22,6,14,13,8,22,19,5
2,12,19,26,29,31,9,12,31,19,26,29,2
8,12,15,16,21,27,16,21,8,27,16,15,12
5,7,15,18,25,33,10,33,15,5,7,25,18
9,12,17,18,20,33,2,33,12,9,17,18,20
13,25,27,28,29,30,15,13,25,30,27,29,28
4,9,11,14,32,33,2,9,4,14,11,33,32
4,5,9,10,19,28,3,28,19,9,5,4,10
6,13,14,15,17,30,4,17,6,13,15,14,30
13,14,20,22,23,32,16,32,13,22,20,14,23
11,12,15,24,25,31,9,31,15,11,25,24,12
1,9,12,13,19,28,13,13,12,19,1,9,28
2,12,24,26,29,31,3,29,12,31,2,26,24
3,7,10,13,22,32,9,7,3,13,10,32,22
2,9,10,20,22,31,13,10,31,9,20,22,2
8,15,20,21,27,31,6,15,31,20,21,27,8
3,6,9,13,18,32,6,6,9,18,3,32,13
1,6,11,26,27,29,15,29,6,11,26,27,1
3,8,20,24,26,32,14,3,32,24,20,26,8
3,21,26,29,31,32,3,31,29,32,21,3,26
13,15,18,20,24,28,9,24,15,18,20,28,13
5,6,7,12,15,28,11,6,12,5,15,7,28
12,20,25,26,27,28,13,12,20,27,25,26,28
1,4,20,24,28,29,16,4,29,1,20,28,24
1,7,8,20,23,24,11,1,20,7,24,8,23
12,13,19,22,28,29,11,19,29,12,22,28,13
8,10,16,25,28,33,9,10,8,25,16,28,33
6,7,21,25,27,33,11,7,33,21,27,6,25
8,12,13,26,29,33,1,12,13,26,29,8,33
3,5,12,15,23,24,7,12,24,5,23,15,3
1,9,11,21,26,32,8,26,9,11,21,32,1
5,9,12,29,30,31,5,30,12,5,9,31,29
1,7,9,17,21,29,1,21,1,7,9,17,29
1,3,15,20,22,31,3,20,15,22,31,1,3
6,18,19,26,28,32,12,6,19,32,28,26,18
7,12,16,17,21,25,10,16,25,7,12,17,21
1,8,11,20,21,29,2,20,1,29,21,8,11
2,5,6,7,13,23,15,5,7,13,6,23,2
2,5,7,8,11,17,16,2,8,11,17,7,5
2,7,8,17,21,28,11,7,21,28,17,2,8
1,2,4,6,13,17,7,1,13,17,2,4,6
1,7,16,17,19,21,14,7,16,21,17,1,19
8,19,21,24,28,31,15,8,24,21,31,28,19
14,18,27,30,31,33,15,31,30,33,14,27,18
3,5,8,19,20,27,9,20,8,5,3,27,19
5,18,22,28,29,31,6,31,22,5,29,18,28
7,8,18,25,30,32,6,8,25,7,30,18,32
3,10,12,13,27,30,4,3,10,13,30,12,27
5,20,26,27,28,33,3,5,28,26,27,20,33
1,5,7,13,29,32,13,7,5,32,1,29,13
2,12,15,23,24,32,9,24,15,23,32,2,12
3,6,11,17,21,31,7,3,21,6,11,31,17
1,5,13,25,26,32,13,26,25,32,1,13,5
9,11,17,23,24,26,7,17,23,24,9,26,11
5,14,24,25,26,32,1,25,24,32,14,26,5
10,12,18,22,28,29,7,28,10,29,12,18,22
4,5,11,21,27,28,10,21,11,4,5,28,27
5,7,12,16,28,32,4,5,16,12,32,28,7
6,8,14,15,24,25,6,6,15,25,8,24,14
1,16,18,22,28,30,12,16,30,1,22,28,18
22,23,26,27,28,33,9,22,28,23,26,33,27
6,10,16,20,27,32,8,10,27,6,16,20,32
1,13,14,25,31,32,12,1,25,32,13,31,14
9,10,13,17,22,30,13,22,13,30,9,10,17
2,9,15,22,26,32,1,32,2,15,26,9,22
3,8,17,21,25,32,15,17,32,3,25,8,21
1,4,9,13,16,23,2,4,16,23,1,13,9
1,9,11,17,32,33,12,32,1,9,17,33,11
3,12,17,24,27,29,9,12,3,17,27,29,24
6,14,17,22,28,29,2,6,28,22,17,29,14
5,6,13,19,22,28,9,6,19,13,28,5,22
2,4,5,17,19,20,8,5,17,19,20,4,2
5,6,7,11,13,18,15,5,18,13,6,7,11
2,5,6,12,14,28,5,12,6,2,28,14,5
4,6,12,30,31,32,9,31,12,30,32,4,6
2,8,13,28,29,30,5,30,8,28,29,13,2
1,2,5,16,20,26,6,20,26,16,5,1,2
1,7,8,12,16,21,1,16,1,7,21,12,8
1,6,17,19,26,31,11,19,31,26,1,17,6
2,4,7,9,15,20,7,15,7,4,2,20,9
3,6,15,18,30,32,5,32,3,15,6,18,30
4,5,13,23,27,30,9,4,23,30,5,27,13
16,17,18,24,25,30,8,30,16,18,25,17,24
4,11,14,15,22,31,11,22,4,31,15,14,11
1,2,4,12,21,24,12,24,21,1,12,4,2
7,8,14,25,26,28,13,7,25,8,26,28,14
6,7,10,19,23,29,12,29,23,6,19,10,7
7,14,18,25,26,29,6,25,26,7,29,18,14
3,13,14,15,21,33,3,3,15,14,13,33,21
4,21,25,29,30,33,3,4,21,29,30,33,25
5,6,13,17,19,28,1,6,28,17,19,13,5
6,15,20,22,26,33,9,20,6,22,33,26,15
1,14,15,17,26,30,2,26,17,15,14,30,1
4,5,9,27,29,31,13,29,5,31,9,27,4
2,15,18,27,28,32,14,18,15,32,28,27,2
9,10,12,14,15,19,11,15,10,12,14,19,9
1,2,14,15,24,29,6,2,15,24,29,1,14
2,4,10,12,17,30,10,10,2,12,4,17,30
2,10,12,17,23,24,5,23,17,10,2,24,12
1,8,12,13,15,33,3,15,8,33,13,1,12
3,6,14,15,17,25,16,17,25,6,15,14,3
3,5,11,18,26,28,6,28,26,11,3,18,5
6,7,8,14,23,31,12,7,6,14,31,8,23
3,16,19,20,24,26,6,19,3,24,26,16,20
1,8,11,17,27,30,12,1,27,17,30,11,8
10,13,17,28,30,32,4,32,28,30,10,17,13
10,13,14,16,21,32,14,16,32,14,10,21,13
3,7,13,18,22,25,3,22,7,3,13,25,18
8,12,15,19,28,29,2,29,8,15,28,19,12
6,7,14,21,22,24,13,14,22,24,6,21,7
3,12,13,22,30,33,14,30,22,3,33,13,12
3,4,8,14,21,28,14,8,14,4,3,28,21
8,18,19,22,27,32,6,32,19,27,18,22,8
3,12,25,26,28,29,16,12,29,26,3,25,28
13,16,19,23,26,28,5,13,19,26,16,28,23
8,11,17,21,23,24,5,24,8,11,21,17,23
3,10,18,24,27,29,9,27,29,3,10,24,18
5,7,10,13,19,20,15,7,5,20,13,19,10
5,6,7,12,13,18,12,6,5,18,13,12,7
1,6,7,19,22,27,2,22,19,6,1,7,27
10,15,18,20,23,31,12,31,20,15,23,10,18
1,9,13,22,25,32,12,13,25,22,9,32,1
7,18,19,23,29,30,2,23,7,30,19,18,29
1,3,16,17,20,32,7,17,16,20,1,3,32
1,4,9,15,22,30,6,9,1,4,30,15,22
2,7,13,20,25,27,6,13,20,25,2,27,7
7,16,17,18,30,33,6,30,16,18,17,7,33
2,3,9,10,28,30,6,2,28,10,30,9,3
5,12,21,23,26,28,9,21,12,26,28,5,23
2,8,11,14,19,33,9,8,33,14,19,11,2
2,9,13,17,20,28,11,13,20,28,17,9,2
3,6,8,14,19,32,3,6,8,32,14,3,19
4,6,9,25,30,33,14,4,9,6,33,25,30
14,23,24,26,29,30,3,23,24,29,30,14,26
9,14,23,24,26,29,3,9,14,26,24,29,23
3,5,17,18,26,27,15,5,26,17,27,18,3
7,13,17,19,22,26,13,26,7,22,19,13,17
10,11,12,23,28,32,16,23,28,11,32,10,12
1,4,10,13,21,31,13,1,10,31,13,4,21
4,13,14,20,22,30,6,22,14,20,4,13,30
5,6,12,14,19,23,9,12,19,14,6,23,5
5,7,9,11,20,21,3,21,7,5,9,20,11
2,8,12,14,16,32,16,2,12,16,8,14,32
2,4,11,13,16,26,11,2,11,26,4,16,13
2,13,19,23,24,28,5,24,28,23,2,13,19
9,15,20,21,22,24,14,15,9,21,22,24,20
4,8,12,19,21,25,13,4,8,19,25,21,12
2,5,11,23,24,29,8,11,24,2,23,5,29
4,14,24,25,28,31,10,31,14,24,28,4,25
7,11,15,21,26,31,6,26,11,7,21,31,15
1,2,8,26,29,31,14,31,26,8,2,29,1
2,4,14,18,20,22,7,14,2,22,18,4,20
1,6,15,19,28,29,10,29,28,19,15,1,6
1,2,22,28,29,30,15,28,22,1,30,2,29
5,14,17,22,23,25,7,17,23,22,14,25,5
7,15,18,19,20,26,14,19,20,26,7,15,18
5,11,20,21,26,31,3,20,26,31,21,5,11
4,8,11,14,16,20,11,20,16,8,4,14,11
5,7,9,23,27,32,1,5,23,32,9,27,7
2,4,5,6,8,16,3,16,5,8,2,6,4
2,4,9,13,18,20,7,4,20,9,18,2,13
1,2,4,15,17,28,11,17,2,28,4,15,1
1,11,23,27,31,32,9,11,27,1,31,32,23
9,11,23,30,31,32,6,11,32,9,23,30,31
7,9,11,17,28,31,11,17,11,28,31,7,9
16,21,22,28,31,32,5,31,32,21,28,16,22
9,23,24,27,29,32,8,24,9,23,29,32,27
15,17,18,21,29,32,13,21,18,17,29,32,15
1,2,3,6,8,33,13,6,2,33,3,1,8
1,6,12,13,22,31,7,31,13,12,22,1,6
4,7,11,17,24,33,9,33,24,7,4,17,11
4,6,17,21,23,33,7,21,17,4,6,33,23
3,12,16,17,18,27,8,3,18,27,17,16,12
12,15,21,26,32,33,7,21,33,12,32,26,15
9,12,13,24,27,33,16,33,27,24,12,9,13
2,3,17,22,32,33,16,33,32,2,17,3,22
5,15,20,22,26,32,9,20,26,22,15,32,5
5,6,13,18,23,31,11,6,23,18,13,5,31
4,5,6,7,25,27,7,7,6,5,25,27,4
7,10,13,15,26,27,11,27,7,10,26,15,13
1,2,6,11,17,25,2,25,2,11,17,1,6
3,9,15,23,25,30,7,9,15,30,3,25,23
4,6,8,18,25,28,16,28,25,4,8,18,6
4,10,19,27,31,33,16,19,31,4,33,10,27
2,3,13,20,22,33,14,22,13,3,20,2,33
7,13,17,19,25,31,8,25,31,17,13,7,19
5,6,10,14,27,31,14,27,31,14,5,10,6
1,3,15,16,31,33,8,3,1,16,33,15,31
4,6,12,17,19,26,9,19,12,17,26,6,4
20,21,22,23,25,27,12,22,27,20,23,25,21
4,7,12,19,22,25,1,22,12,4,7,25,19
1,17,18,19,25,29,10,25,17,18,1,19,29
9,23,24,25,29,31,12,24,31,9,23,29,25
4,6,14,16,18,26,6,26,16,18,6,4,14
4,17,19,23,24,27,10,27,17,4,19,24,23
4,15,16,24,27,28,3,27,28,24,16,15,4
7,8,11,13,21,27,8,11,27,7,21,13,8
1,5,12,13,21,22,10,22,12,13,21,5,1
3,4,5,25,30,31,4,5,4,31,3,25,30
11,12,14,20,22,29,14,12,20,29,14,22,11
12,18,21,22,27,32,11,27,18,32,21,22,12
5,7,12,19,27,31,2,27,19,31,5,12,7
6,10,13,16,23,24,15,13,10,24,16,23,6
8,20,25,30,32,33,1,30,20,25,32,33,8
2,15,16,17,19,30,8,19,30,17,2,15,16
6,11,12,14,17,22,1,6,22,11,12,14,17
9,18,25,26,30,32,11,25,18,32,9,26,30
1,15,16,25,26,29,10,15,26,1,25,29,16
3,9,10,19,28,33,9,9,33,3,19,10,28
4,6,14,16,18,29,5,6,4,16,18,29,14
8,11,13,18,28,33,10,18,28,11,8,33,13
7,11,14,19,24,29,5,19,11,7,29,24,14
3,9,15,20,27,29,1,9,27,29,20,3,15
4,21,23,31,32,33,4,32,4,31,33,23,21
6,10,11,28,30,33,12,10,33,30,6,28,11
1,4,19,22,24,25,15,25,1,19,24,4,22
15,18,23,27,32,33,4,33,18,15,32,27,23
3,4,7,17,21,27,14,7,27,17,3,4,21
8,10,12,14,18,28,14,28,12,14,18,8,10
5,14,16,21,29,30,12,30,21,16,14,5,29
8,9,19,20,25,32,16,19,20,9,25,8,32
5,7,8,20,31,33,11,33,31,5,7,20,8
9,10,13,14,21,32,2,14,13,21,32,9,10
1,8,11,19,21,24,8,21,24,19,1,11,8
5,9,13,15,17,21,13,15,21,13,5,17,9
4,9,19,22,25,29,15,4,22,25,19,29,9
2,11,19,30,32,33,9,11,19,30,32,33,2
2,3,7,13,21,24,8,7,2,24,21,3,13
4,6,7,14,25,26,10,26,6,25,4,14,7
13,17,18,21,30,33,15,13,33,30,21,17,18
2,10,15,19,20,21,7,20,15,19,10,2,21
9,14,17,23,24,25,15,9,25,14,23,24,17
8,10,15,17,22,29,12,29,10,22,17,15,8
4,6,7,10,21,26,16,6,21,26,7,10,4
7,9,13,17,21,22,10,9,21,17,13,7,22
8,10,16,20,23,30,9,8,10,16,23,20,30
1,5,10,14,16,30,16,16,30,1,5,14,10
1,2,5,6,11,23,14,23,6,11,5,2,1
8,10,14,16,30,31,1,31,8,30,14,16,10
6,16,21,27,30,32,5,16,21,27,30,32,6
2,7,14,16,21,29,14,7,21,16,29,2,14
12,18,19,23,24,30,10,30,12,19,24,18,23
4,10,16,17,21,27,14,27,10,21,16,17,4
1,2,14,22,29,33,7,33,14,29,22,1,2
5,13,23,28,32,33,12,33,13,32,28,5,23
1,3,4,8,25,31,6,1,8,4,25,3,31
7,8,9,17,32,33,6,17,7,33,32,8,9
1,7,8,9,11,22,3,8,11,7,9,1,22
6,13,14,24,25,30,7,24,14,25,30,6,13
4,7,22,23,24,33,16,23,7,24,22,33,4
3,11,15,19,20,31,7,15,31,11,3,19,20
3,4,6,11,12,15,8,4,12,3,11,6,15
7,11,16,18,21,22,2,21,18,7,22,11,16
12,15,20,25,28,33,14,33,28,25,15,12,20
2,5,9,14,24,33,9,2,14,5,9,33,24
4,9,21,27,28,33,12,27,4,28,9,33,21
2,4,9,11,19,22,15,4,2,9,22,11,19
2,10,11,17,18,22,10,2,22,18,10,11,17
8,10,11,12,19,29,15,11,19,8,10,12,29
6,9,16,17,24,25,16,24,25,16,9,17,6
6,7,16,17,23,32,6,32,7,23,16,17,6
3,17,23,25,26,32,13,26,32,17,3,25,23
10,16,19,21,23,24,13,21,19,24,10,23,16
9,13,15,28,30,33,8,28,30,13,15,33,9
14,17,19,22,26,31,2,22,31,17,19,14,26
1,4,5,11,29,30,14,1,11,5,29,4,30
2,9,14,19,21,30,4,19,30,21,9,2,14
1,11,18,20,28,29,1,28,20,1,11,18,29
2,4,12,18,23,31,8,31,12,4,2,18,23
2,3,12,13,14,25,11,3,14,25,12,13,2
5,8,12,13,23,25,13,12,5,25,13,8,23
3,5,14,18,25,33,6,3,25,18,14,5,33
2,14,17,27,28,31,8,14,28,2,17,31,27
6,9,15,24,25,26,9,9,15,24,25,6,26
3,8,17,21,22,31,16,22,17,8,31,21,3
2,9,15,16,29,32,14,32,2,29,9,16,15
3,4,5,8,10,22,6,22,4,8,5,10,3
2,5,15,17,18,21,16,5,2,18,21,17,15
1,6,7,17,18,23,6,17,6,23,1,7,18
4,12,13,22,27,29,16,13,22,27,12,4,29
5,12,17,19,25,30,11,19,12,5,30,17,25
1,7,9,19,28,29,7,7,9,28,19,1,29
2,4,12,17,22,25,14,22,4,12,2,17,25
1,3,7,13,19,32,16,1,13,19,32,7,3
1,12,16,20,30,33,2,12,20,33,30,16,1
1,3,6,13,30,31,12,30,6,3,31,1,13
3,9,11,22,27,29,6,22,29,11,27,9,3
6,10,12,17,18,33,11,33,10,12,18,17,6
8,9,12,15,19,22,10,15,22,9,12,8,19
2,3,5,6,9,17,7,6,2,3,9,17,5
2,7,16,22,27,28,2,2,28,22,7,27,16
5,14,16,17,25,30,7,25,5,30,14,17,16
8,14,22,24,27,29,10,29,8,22,27,24,14
2,4,20,25,26,29,11,20,4,26,29,2,25
5,6,19,21,23,33,12,23,33,5,21,6,19
1,6,9,10,13,25,8,13,25,1,6,10,9
1,2,11,19,23,29,8,2,29,19,1,11,23
2,4,10,12,14,30,8,14,2,12,10,4,30
6,18,22,23,32,33,6,18,6,23,33,32,22
3,6,11,14,16,29,15,16,3,14,6,29,11
4,6,14,17,27,30,9,27,14,4,30,17,6
5,9,11,19,24,32,13,19,24,9,5,11,32
1,5,12,19,27,29,14,5,1,29,27,12,19
3,13,18,19,22,26,7,3,22,19,13,18,26
2,8,9,10,20,29,5,10,20,8,2,29,9
1,10,18,20,23,29,1,23,1,29,10,20,18
5,6,8,14,22,31,8,22,5,8,6,14,31
12,14,17,19,22,24,8,17,12,22,24,14,19
7,13,24,25,27,32,15,27,13,24,25,7,32
2,13,17,20,29,31,7,17,31,29,20,13,2
1,5,10,11,13,32,14,5,32,13,10,11,1
1,6,9,10,14,16,11,9,1,16,10,14,6
16,18,20,23,24,32,7,18,16,23,32,24,20
14,16,21,24,28,31,13,31,24,21,14,16,28
3,8,9,10,18,33,4,8,10,33,18,9,3
2,6,12,19,27,28,13,2,6,28,19,12,27
14,16,17,19,27,32,4,27,19,17,14,32,16
9,14,17,18,21,25,15,21,18,9,17,14,25
11,14,17,22,25,27,16,22,27,17,11,25,14
3,8,9,20,23,28,2,8,20,23,9,28,3
2,5,11,15,19,28,2,5,19,11,28,2,15
1,8,11,13,19,30,6,1,30,8,13,11,19
2,8,17,20,22,28,2,8,28,22,20,17,2
1,15,16,21,24,30,3,1,15,30,21,16,24
12,14,28,31,32,33,7,31,32,33,14,28,12
2,7,23,30,32,33,10,2,7,23,33,32,30
1,9,10,11,13,32,3,32,10,11,1,9,13
9,10,14,15,19,29,16,10,15,14,9,29,19
5,10,17,25,28,29,4,25,5,29,10,17,28
5,7,15,18,26,30,3,26,7,30,15,5,18
6,13,17,20,26,29,9,26,6,20,17,13,29
1,7,12,16,23,28,4,1,12,7,28,16,23
1,2,13,22,28,30,9,13,22,1,28,30,2
6,9,11,16,20,29,11,20,6,29,16,11,9
1,6,11,17,28,33,5,11,33,1,28,6,17
2,17,20,24,31,33,4,33,2,24,17,31,20
10,11,15,26,31,32,6,11,15,31,10,32,26
6,11,16,17,22,27,1,17,6,27,11,22,16
2,10,12,21,23,27,12,23,21,27,2,10,12
5,7,8,17,18,24,14,18,24,5,7,17,8
5,8,9,20,28,32,2,20,28,8,9,32,5
1,2,10,24,30,33,10,1,10,30,24,33,2
5,17,21,22,28,32,14,28,21,22,5,32,17
5,6,14,15,18,33,8,6,5,14,15,33,18
13,14,16,23,30,31,13,14,13,31,16,23,30
5,16,22,23,26,28,2,23,28,22,5,16,26
2,4,11,13,25,33,1,33,4,2,13,11,25
3,16,19,27,31,32,10,32,19,31,3,27,16
3,6,9,11,25,29,9,6,11,29,3,25,9
4,6,13,29,31,33,13,4,29,6,31,13,33
1,14,15,20,25,29,11,15,14,25,29,20,1
6,10,11,14,17,33,6,10,14,17,11,6,33
8,9,11,16,21,24,10,21,9,16,8,11,24
6,21,22,23,25,28,13,25,6,28,22,21,23
3,12,18,20,25,26,16,25,20,18,3,26,12
3,5,6,9,10,27,14,6,3,5,10,9,27
10,12,13,23,26,29,11,12,23,29,26,13,10
1,6,13,20,29,32,1,32,1,29,6,20,13
6,7,22,26,31,32,10,6,26,7,31,22,32
1,2,5,12,15,16,13,5,2,12,1,15,16
7,9,10,15,19,33,1,15,19,10,33,9,7
3,8,14,22,24,32,9,3,22,24,32,8,14
4,5,8,11,21,27,8,8,27,21,11,5,4
8,13,15,20,21,25,12,15,8,21,20,13,25
1,7,9,16,20,23,6,9,1,7,23,16,20
7,15,16,25,28,32,5,15,28,25,16,32,7
10,15,20,23,24,31,15,31,15,23,10,24,20
2,14,15,16,23,24,10,16,15,14,2,23,24
7,10,16,17,18,32,15,7,18,32,17,16,10
1,10,11,29,31,33,13,33,1,10,11,29,31
1,7,9,17,20,33,8,17,1,9,33,7,20
4,7,10,16,20,22,3,16,22,7,10,4,20
4,7,14,17,21,25,14,14,25,21,17,7,4
1,2,3,8,21,31,9,2,8,3,21,1,31
4,14,15,17,18,20,15,14,4,15,18,17,20
3,5,22,23,29,31,6,31,23,29,5,22,3
8,9,24,25,26,29,1,26,9,8,25,29,24
2,12,16,19,27,30,11,19,16,30,27,2,12
1,7,20,24,25,33,4,7,33,25,24,1,20
2,6,10,15,17,31,13,10,6,17,15,2,31
13,18,20,25,27,33,12,20,18,13,27,33,25
6,9,12,14,28,29,9,12,28,9,6,14,29
2,6,11,19,25,26,4,26,19,6,11,2,25
1,4,7,19,22,23,4,4,7,1,23,19,22
14,15,16,17,27,28,8,14,27,28,17,16,15
4,7,10,16,23,25,10,10,16,7,4,23,25
8,9,10,13,29,30,1,9,8,13,29,10,30
9,11,16,18,23,24,10,9,23,11,24,18,16
10,11,12,15,27,32,14,11,32,15,27,12,10
2,13,17,21,22,33,13,33,17,13,2,22,21
5,7,9,16,26,29,7,7,29,26,16,9,5
4,7,10,26,27,28,14,4,28,26,27,7,10
7,14,15,19,21,28,7,14,15,7,28,21,19
8,11,14,15,16,26,7,8,11,14,15,26,16
1,5,7,22,26,32,11,22,26,1,5,7,32
11,14,16,18,29,32,16,16,29,18,14,32,11
3,6,21,29,31,32,5,31,6,32,21,29,3
12,13,17,18,20,27,13,27,13,18,12,20,17
1,8,9,22,24,33,3,9,1,8,24,22,33
4,6,16,17,26,33,3,33,4,17,6,16,26
5,7,12,18,28,31,3,31,5,28,7,18,12
5,6,11,12,14,33,14,33,11,5,6,12,14
1,13,15,26,29,30,12,26,30,13,29,1,15
13,16,18,27,30,32,16,27,30,16,18,32,13
4,9,11,17,21,25,6,25,11,9,17,4,21
9,10,19,21,23,32,8,23,10,21,9,19,32
11,12,15,24,26,27,15,26,11,24,27,12,15
2,3,4,13,14,16,2,14,4,3,16,13,2
1,5,13,22,30,31,7,30,31,22,1,13,5
5,7,10,14,23,31,1,31,23,5,10,14,7
2,3,20,24,26,27,9,20,24,26,27,2,3
13,16,17,22,25,27,10,27,22,16,13,17,25
7,12,14,17,20,23,5,23,17,7,20,12,14
3,9,12,16,17,31,4,17,12,16,3,9,31
4,10,24,26,28,32,9,32,4,24,26,10,28
2,4,11,16,25,26,12,25,4,16,26,11,2
3,7,17,22,32,33,10,32,7,17,3,33,22
1,2,7,10,22,26,7,22,1,10,26,7,2
1,10,15,18,19,28,2,19,10,18,1,28,15
1,7,8,16,18,20,14,1,8,18,20,16,7
9,20,24,25,26,32,4,25,24,32,20,9,26
2,9,10,18,19,20,15,10,18,2,20,9,19
2,6,9,16,25,32,14,25,6,16,2,32,9
1,3,18,27,31,32,13,18,1,27,31,32,3
6,18,22,26,32,33,4,18,26,6,32,22,33
9,14,15,18,21,26,16,18,26,14,15,9,21
1,7,9,16,22,32,12,7,9,16,32,22,1
11,12,14,17,23,27,1,14,27,23,12,11,17
8,10,14,19,26,29,12,29,26,8,14,10,19
5,8,11,17,24,28,16,17,8,11,28,5,24
2,5,8,24,25,31,14,5,24,25,31,2,8
6,15,18,21,26,27,10,27,15,6,21,26,18
1,13,17,18,23,30,15,23,17,18,30,13,1
1,7,13,19,21,29,15,29,7,19,21,13,1
8,18,20,28,29,31,8,28,29,8,18,20,31
1,3,5,20,21,31,5,1,31,5,20,3,21
1,2,17,22,26,27,4,2,27,26,1,22,17
4,7,21,25,26,29,8,21,29,4,26,25,7
6,11,13,19,21,32,4,6,19,32,13,21,11
1,9,10,19,23,27,9,1,9,27,10,19,23
1,6,8,10,13,27,16,27,6,13,8,10,1
3,7,20,22,26,29,2,22,7,26,29,3,20
9,14,15,20,26,32,11,15,9,32,14,20,26
14,17,25,27,28,30,2,30,14,25,17,27,28
13,20,22,26,28,31,13,31,28,13,22,20,26
2,8,9,14,28,30,7,14,9,2,28,30,8
6,7,16,18,29,32,5,18,7,6,32,16,29
15,18,20,22,28,29,15,29,28,15,20,22,18
2,8,25,27,28,29,5,25,8,2,28,27,29
5,6,8,16,18,22,12,6,5,18,16,8,22
9,15,16,19,20,28,11,20,15,9,28,19,16
2,12,20,24,29,31,9,2,12,29,31,20,24
12,14,19,27,28,29,1,28,14,29,19,12,27
10,12,14,22,25,33,15,12,33,22,10,25,14
5,7,17,19,22,31,11,17,22,7,5,19,31
9,15,19,21,26,27,1,27,26,9,19,21,15
1,3,13,21,25,31,8,31,1,25,21,13,3
1,4,6,13,16,17,10,16,6,17,4,13,1
4,15,21,28,30,31,4,30,28,31,4,15,21
6,16,17,23,24,31,7,31,23,24,16,17,6
9,12,14,20,26,27,4,14,27,20,12,9,26
6,9,13,26,27,33,1,26,9,13,27,33,6
6,7,10,11,14,22,9,7,14,22,11,6,10
2,3,11,17,19,21,8,19,21,3,11,17,2
8,16,22,24,28,29,5,22,16,29,28,24,8
7,9,12,14,21,23,6,7,14,12,23,9,21
6,8,13,26,30,32,14,30,32,8,6,13,26
9,18,21,23,25,26,1,23,21,9,18,26,25
9,10,16,19,20,26,12,10,9,26,19,16,20
1,3,4,23,31,32,13,31,32,3,4,1,23
7,14,16,18,21,25,8,7,18,21,25,16,14
2,12,19,22,24,27,15,2,24,12,27,22,19
1,8,9,16,32,33,13,33,16,9,1,32,8
5,7,16,17,22,23,4,16,5,22,7,23,17
8,14,16,18,20,30,12,20,16,14,30,8,18
1,3,10,19,20,27,11,3,27,10,19,20,1
1,5,7,8,19,27,12,27,7,5,19,1,8
4,7,9,13,21,26,1,13,21,26,4,7,9
1,7,8,14,24,32,3,7,1,32,24,14,8
4,6,15,23,26,28,11,23,15,4,26,6,28
4,11,12,18,26,32,12,11,4,26,12,32,18
1,4,11,21,23,31,12,21,1,23,31,11,4
2,8,10,18,23,31,8,31,23,18,2,10,8
16,21,24,26,27,29,16,21,24,29,16,27,26
1,3,20,21,28,29,12,3,21,20,1,29,28
5,7,11,16,22,25,7,22,5,16,25,11,7
5,8,9,12,22,28,7,22,5,28,9,12,8
2,3,5,12,18,27,1,3,27,2,5,18,12
5,13,22,27,30,33,10,27,30,13,33,22,5
10,11,15,20,23,29,12,23,10,29,15,20,11
7,10,19,22,27,33,6,22,7,19,27,33,10
1,3,8,11,22,28,6,8,11,22,1,28,3
5,8,11,16,18,27,4,5,8,16,27,11,18
6,14,15,16,17,22,10,15,17,6,22,14,16
10,12,13,19,22,26,3,10,22,13,26,19,12
3,5,11,28,30,33,1,3,28,11,5,30,33
2,3,13,20,22,24,15,24,3,2,20,22,13
2,5,14,19,27,31,4,14,19,27,5,31,2
1,12,14,18,26,32,7,14,18,1,26,32,12
2,5,12,23,28,29,1,5,28,12,2,29,23
14,22,23,27,28,31,12,27,31,28,14,22,23
1,2,8,16,19,24,11,8,1,24,16,19,2
1,10,13,18,25,27,9,13,18,25,1,10,27
6,20,28,29,30,31,12,28,30,29,20,6,31
3,8,19,25,27,28,2,28,25,3,8,19,27
13,17,19,20,22,25,11,22,13,17,20,19,25
13,15,19,20,21,32,4,20,15,19,13,21,32
1,4,7,15,28,32,16,7,32,15,4,28,1
7,8,15,19,20,24,13,8,7,19,24,15,20
16,17,21,28,30,32,15,17,28,16,30,32,21
8,9,16,23,24,30,5,23,30,8,9,16,24
9,13,14,22,26,27,7,14,9,27,26,13,22
9,10,20,21,22,33,9,9,21,33,10,22,20
1,3,8,11,29,31,13,8,1,3,31,11,29
5,6,8,23,31,32,11,32,5,6,31,23,8
11,18,19,21,29,32,12,18,32,11,19,21,29
8,11,15,22,27,29,3,11,15,27,8,29,22
7,9,11,15,18,25,7,25,11,18,7,15,9
6,13,16,18,20,22,13,18,22,20,16,13,6
9,14,17,20,24,30,16,9,14,30,17,24,20
1,10,14,23,26,28,1,10,14,26,28,23,1
8,10,17,22,25,33,12,8,22,10,17,25,33
11,14,18,20,31,33,14,20,31,11,14,18,33
13,16,18,20,28,31,12,31,16,28,18,20,13
5,12,14,20,27,29,6,12,20,14,27,29,5
2,15,24,29,32,33,2,29,33,15,2,32,24
10,14,24,25,27,32,4,27,14,24,25,32,10
2,4,12,14,19,25,6,12,14,2,4,25,19
3,8,10,15,22,29,12,22,29,10,3,8,15
7,12,14,16,27,32,15,32,12,16,7,14,27
7,12,21,22,26,31,1,21,22,31,7,26,12
2,8,10,18,20,27,7,2,10,27,20,8,18
1,2,14,22,25,26,7,26,22,25,14,1,2
1,20,22,24,25,26,16,22,20,1,25,26,24
5,6,8,20,22,30,5,20,8,30,5,22,6
12,13,14,17,21,25,4,14,17,13,21,25,12
6,13,16,17,23,30,10,6,17,13,16,30,23
1,2,10,12,22,24,10,1,12,22,10,2,24
9,11,13,22,24,26,5,13,11,22,26,24,9
4,9,19,22,23,30,7,23,22,30,19,4,9
3,6,10,19,25,29,7,3,29,25,6,10,19
2,5,7,14,18,31,13,2,5,7,31,14,18
4,11,12,17,24,30,12,11,4,30,12,24,17
4,9,12,28,30,33,1,30,9,12,4,28,33
11,13,15,17,19,31,5,11,15,13,17,19,31
6,8,12,21,25,29,1,25,29,21,12,6,8
12,15,18,20,21,27,15,18,20,21,27,12,15
10,14,19,22,25,29,12,22,14,19,25,10,29
3,8,10,19,26,33,3,3,10,19,8,33,26
8,12,14,15,21,27,15,14,15,8,27,21,12
6,17,18,20,27,29,15,6,17,20,18,29,27
3,15,21,22,23,28,15,15,28,21,22,3,23
4,13,19,20,26,29,11,19,29,13,4,26,20
3,4,7,9,20,22,3,20,22,4,7,3,9
6,15,26,31,32,33,16,31,33,32,6,15,26
3,12,13,22,28,29,3,12,22,13,29,3,28
1,3,7,18,19,27,16,7,1,19,18,27,3
3,13,19,20,23,26,3,23,19,20,3,13,26
12,17,18,21,22,24,4,18,21,12,22,24,17
7,14,17,23,26,31,9,17,31,7,23,26,14
5,14,20,26,30,33,12,30,26,20,33,5,14
1,3,10,12,18,30,1,10,30,3,12,18,1
4,9,12,17,30,32,3,4,32,17,9,30,12
7,20,25,26,27,30,14,30,25,20,26,7,27
2,5,8,15,17,22,16,5,8,22,2,17,15
3,8,13,14,15,30,4,15,8,13,14,3,30
6,8,13,14,22,27,10,8,13,6,14,22,27
9,12,24,28,29,30,2,28,29,9,24,12,30
1,2,4,9,15,33,12,33,9,15,1,4,2
1,6,13,19,24,28,16,13,28,19,1,24,6
2,8,10,12,29,31,1,8,31,29,10,12,2
6,11,16,19,28,32,4,16,11,28,19,32,6
5,6,10,16,22,26,11,16,10,22,26,5,6
3,4,8,11,16,18,14,18,11,3,16,4,8
7,12,19,22,23,26,11,26,19,23,22,12,7
3,5,18,20,24,32,11,18,3,5,20,24,32
4,11,12,20,25,28,15,28,4,25,20,11,12
4,5,22,26,29,32,8,5,22,29,4,26,32
5,6,8,18,20,32,8,5,20,6,32,18,8
12,13,15,18,19,21,9,19,21,12,18,13,15
16,17,18,23,28,32,7,28,18,17,23,32,16
3,12,14,17,19,26,3,26,12,19,17,3,14
13,16,22,25,26,27,14,13,26,16,27,22,25
3,7,13,18,19,20,5,13,7,20,3,18,19
9,13,18,20,27,31,4,9,18,31,13,27,20
8,19,23,28,31,32,1,28,19,8,23,31,32
8,10,11,20,21,27,11,11,21,27,20,10,8
3,6,11,18,23,29,1,6,3,11,29,23,18
19,21,26,28,29,32,1,29,28,21,26,19,32
5,16,19,22,24,25,2,25,19,5,16,24,22
9,11,12,15,16,20,13,12,11,16,9,15,20
6,10,11,12,20,25,12,11,10,12,6,20,25
1,3,6,16,29,32,7,29,6,16,1,3,32
7,8,13,22,30,32,1,8,22,30,32,13,7
1,9,17,19,20,29,10,29,19,17,9,20,1
2,4,8,23,26,29,2,4,2,29,23,26,8
1,3,10,12,24,28,2,10,12,24,28,1,3
1,16,17,24,25,32,14,17,24,25,16,32,1
2,6,15,25,30,32,7,15,2,30,25,32,6
6,12,14,15,17,20,9,20,15,12,17,6,14
9,16,17,24,30,31,4,30,9,17,31,16,24
2,4,12,18,24,26,5,24,2,18,12,4,26
1,12,19,20,21,25,16,25,12,19,20,21,1
9,10,11,12,15,32,5,12,10,32,11,15,9
2,3,10,11,14,21,12,14,11,10,3,2,21
3,14,16,18,25,33,15,14,33,25,3,16,18
1,3,14,30,31,32,8,31,1,14,30,32,3
2,13,17,20,21,26,7,26,2,21,20,13,17
4,8,14,22,23,28,7,22,14,4,23,28,8
2,13,15,23,24,29,6,2,23,13,24,29,15
6,9,15,17,25,27,9,6,25,17,9,27,15
6,7,10,12,18,31,10,7,6,31,18,10,12
1,5,9,12,18,32,12,12,1,9,18,5,32
6,13,14,21,22,24,16,6,14,21,22,24,13
6,13,25,26,28,31,1,28,13,25,26,31,6
2,8,25,29,31,32,6,2,32,8,29,25,31
1,11,21,23,27,33,6,1,11,33,21,27,23
3,10,22,23,27,29,4,23,3,10,22,29,27
1,3,19,24,32,33,1,33,24,19,3,32,1
5,8,10,14,17,30,13,10,30,5,14,8,17
1,5,13,19,24,27,11,27,13,24,19,1,5
5,9,11,18,30,31,4,9,18,30,11,31,5
8,10,19,27,28,31,16,8,27,28,31,19,10
4,5,13,22,25,30,4,13,4,30,22,5,25
6,11,18,26,27,32,1,11,26,32,18,27,6
2,3,7,8,19,26,16,3,7,26,19,2,8
9,11,15,16,27,33,5,11,16,15,33,9,27
5,7,28,31,32,33,8,32,28,5,31,7,33
2,4,7,14,15,32,4,15,14,4,32,7,2
6,12,14,15,18,25,12,15,12,25,6,18,14
1,11,16,17,20,26,14,11,26,1,16,17,20
5,16,20,22,27,29,9,16,22,29,5,20,27
6,8,20,22,26,27,9,22,27,20,26,8,6
7,18,20,23,27,31,13,20,7,27,23,18,31
3,10,14,17,28,33,2,17,14,10,28,33,3
9,14,22,23,31,33,14,14,33,31,23,9,22
9,19,21,30,31,32,4,9,32,30,21,19,31
2,5,6,21,25,28,9,6,21,28,25,2,5
2,3,10,23,25,28,9,28,23,2,10,25,3
15,22,23,24,28,29,8,15,28,23,29,22,24
7,9,12,14,20,27,16,9,20,12,27,14,7
9,15,21,24,27,32,10,32,21,9,15,27,24
1,6,8,20,27,30,3,1,8,6,30,20,27
2,6,12,17,18,19,10,12,18,6,2,19,17
7,12,17,26,29,31,16,17,12,7,29,31,26
4,9,11,17,26,27,13,11,9,27,26,4,17
5,6,8,21,31,33,14,33,6,8,31,5,21
3,17,21,23,27,28,1,23,17,27,21,3,28
4,10,18,19,25,27,2,19,18,25,27,10,4
5,8,13,19,27,28,7,28,5,8,19,27,13
15,16,21,22,27,33,15,15,22,21,27,33,16
11,12,13,14,18,33,13,33,18,13,11,12,14
2,8,10,18,20,33,12,33,20,2,8,18,10
2,7,10,20,27,29,3,10,27,2,29,20,7
1,6,9,10,15,32,14,32,15,10,6,1,9
7,16,20,24,25,30,7,7,20,24,30,25,16
1,6,19,26,28,30,3,28,19,26,30,6,1
1,2,5,17,26,32,10,32,26,2,17,1,5
4,13,15,17,21,24,15,24,21,4,17,13,15
1,10,17,21,23,30,12,21,30,10,23,1,17
6,9,23,24,25,33,13,9,6,24,23,25,33
4,10,12,27,32,33,5,27,10,4,12,33,32
1,3,7,12,19,20,6,1,3,7,12,19,20
3,7,15,16,17,23,10,3,15,17,7,16,23
4,14,18,28,31,32,12,14,28,31,32,18,4
1,2,11,20,26,30,14,20,1,26,11,30,2
3,20,23,26,32,33,7,32,26,23,20,3,33
2,4,5,9,13,21,5,21,4,9,2,5,13
6,11,16,20,22,33,7,11,6,20,22,16,33
2,8,9,16,20,22,7,8,9,20,22,16,2
7,9,16,24,25,29,6,9,16,25,7,29,24
9,11,14,20,25,26,15,26,9,20,25,14,11
15,19,23,24,25,32,3,24,32,23,19,25,15
1,4,8,15,27,32,16,1,27,15,32,8,4
5,13,17,26,27,30,7,30,27,5,17,13,26
6,11,12,22,23,30,5,11,12,23,6,30,22
2,4,8,26,29,33,8,26,29,4,2,8,33
2,4,5,24,26,33,15,26,33,2,4,24,5
7,13,15,27,28,29,13,28,13,15,7,29,27
2,6,8,9,15,29,14,2,8,29,9,15,6
5,8,19,25,28,30,7,28,5,30,25,8,19
10,11,12,23,26,29,16,26,10,29,23,12,11
10,11,14,15,16,24,7,11,16,24,10,15,14
8,11,28,29,31,33,6,28,31,33,8,11,29
6,8,18,20,23,31,13,18,6,20,31,23,8
1,8,9,14,17,32,1,8,1,32,9,17,14
5,8,16,22,27,29,2,8,29,27,5,16,22
3,7,8,10,22,23,12,10,3,8,7,22,23
1,2,3,17,25,31,9,1,31,25,2,17,3
4,6,8,12,23,25,8,25,4,12,6,23,8
4,8,10,12,31,33,10,31,12,4,8,33,10
2,5,10,22,32,33,9,5,10,33,2,22,32
2,6,15,16,18,32,15,16,18,6,15,2,32
1,3,4,11,18,22,14,3,4,22,18,1,11
9,21,25,26,29,31,13,25,21,9,29,31,26
2,15,16,17,22,32,7,15,2,22,17,16,32
3,10,12,19,27,30,8,30,19,10,3,12,27
2,4,11,14,27,30,5,11,30,27,2,14,4
7,8,12,13,22,30,9,7,8,12,30,13,22
2,15,21,23,25,30,10,25,23,30,2,15,21
1,7,9,20,23,30,2,9,23,30,7,1,20
6,10,16,26,27,29,3,26,10,6,27,29,16
5,8,15,24,27,31,11,24,27,31,15,5,8
5,7,15,20,23,30,15,30,23,5,7,15,20
4,7,8,19,32,33,13,19,32,4,8,33,7
1,6,14,24,28,32,12,28,1,32,6,24,14
1,2,5,10,24,27,15,10,24,2,27,1,5
11,15,20,22,25,30,5,25,11,30,20,22,15
1,4,8,13,24,27,5,1,4,13,8,24,27
2,4,12,14,17,24,15,2,12,4,17,24,14
15,19,23,28,29,33,4,33,28,19,23,29,15
4,10,13,15,22,27,4,13,27,22,4,15,10
1,2,4,7,10,23,4,23,2,7,4,10,1
8,13,16,23,27,31,8,8,13,23,16,27,31
8,16,19,21,31,32,6,8,31,16,19,32,21
5,7,16,20,21,25,5,16,25,7,21,5,20
4,13,14,23,26,32,10,4,13,26,32,23,14
2,5,8,10,32,33,2,33,10,8,32,5,2
5,8,9,14,15,19,7,9,14,15,19,5,8
1,8,14,15,20,29,10,14,8,15,29,1,20
10,12,20,24,27,29,7,27,12,20,29,10,24
2,5,9,15,24,25,11,9,15,24,2,5,25
7,8,18,24,29,31,7,31,8,18,24,7,29
4,9,11,15,29,31,6,15,4,9,31,29,11
2,3,9,23,28,33,8,9,2,33,28,23,3
7,12,13,20,24,31,5,12,24,13,20,31,7
13,14,18,19,21,28,6,13,21,14,18,19,28
18,20,22,23,30,31,16,18,31,30,20,22,23
1,9,13,22,28,32,11,1,9,28,22,32,13
4,8,9,15,19,25,9,15,25,9,19,8,4
5,10,13,24,26,31,4,26,10,13,24,5,31
6,7,12,20,26,27,11,6,20,12,26,7,27
1,7,22,24,26,31,10,26,31,22,24,7,1
12,16,20,22,25,31,4,12,25,22,31,20,16
2,10,16,22,24,28,15,16,10,24,2,28,22
2,5,8,10,12,21,7,2,8,10,12,5,21
1,4,6,17,19,26,3,26,1,4,17,6,19
1,3,4,10,18,29,4,1,29,3,10,4,18
2,6,10,22,30,31,15,2,30,22,10,31,6
2,11,12,23,29,31,5,11,31,2,29,23,12
1,6,14,22,25,26,12,25,1,22,6,14,26
2,3,6,14,31,32,3,2,31,3,32,6,14
6,11,14,23,26,30,2,23,11,26,30,6,14
3,6,16,23,26,30,14,6,16,3,23,26,30
2,6,16,23,30,31,2,6,23,16,31,30,2
1,3,6,19,21,29,7,19,1,6,3,29,21
1,4,8,9,14,15,13,4,1,8,15,14,9
1,2,4,15,17,22,14,22,17,2,1,4,15
5,7,18,19,22,24,16,18,24,22,7,5,19
3,7,14,23,25,27,8,3,27,23,14,7,25
1,12,16,20,22,24,8,24,12,16,1,22,20
3,5,14,25,26,30,5,3,14,5,30,26,25
14,18,21,25,28,29,10,14,21,18,28,29,25
3,8,14,20,24,26,12,8,14,24,20,3,26
1,5,11,20,22,24,2,11,5,1,22,24,20
1,5,6,16,25,30,9,1,25,30,6,5,16
3,5,6,13,20,22,7,5,6,13,3,22,20
3,6,13,14,19,28,6,28,3,19,14,13,6
7,9,18,22,23,29,6,22,18,7,29,23,9
11,12,13,16,23,25,12,16,11,12,13,23,25
1,7,10,16,22,33,9,33,16,22,10,1,7
5,7,10,23,28,29,3,7,10,28,5,23,29
10,18,19,29,32,33,9,29,10,33,18,19,32
7,8,9,15,22,27,12,22,7,27,9,15,8
8,11,13,19,28,31,6,31,28,8,11,19,13
9,10,12,19,22,29,16,22,9,19,12,29,10
2,6,11,12,19,29,6,12,19,2,6,29,11
5,10,18,19,30,31,3,18,10,30,31,19,5
4,19,22,27,30,33,1,4,27,22,30,33,19
2,5,6,16,28,29,4,6,5,16,28,29,2
4,7,8,18,23,24,2,23,4,7,18,24,8
1,4,11,28,31,32,16,11,28,1,32,4,31
4,8,10,14,18,20,11,10,14,4,20,18,8
1,21,23,25,31,33,1,25,31,33,1,21,23
1,14,15,20,23,30,14,1,14,23,30,20,15
3,6,7,12,25,26,7,3,12,6,25,7,26
12,15,20,25,27,31,2,31,20,25,12,15,27
8,9,15,17,30,32,6,32,30,8,9,15,17
7,12,14,15,17,20,1,17,14,15,20,7,12
8,14,16,18,21,23,16,21,16,8,14,18,23
1,3,12,15,19,23,14,12,19,15,23,1,3
5,10,17,19,29,32,12,19,10,5,32,17,29
3,10,14,16,22,23,11,23,16,22,10,3,14
4,6,16,27,29,33,5,29,6,4,33,16,27
6,12,13,15,18,26,13,6,12,15,13,18,26
4,10,11,25,30,31,1,11,4,31,25,10,30
2,14,20,22,30,32,2,14,30,22,32,2,20
1,2,8,11,14,21,9,11,8,2,1,14,21
8,9,15,22,30,33,16,22,33,9,30,15,8
9,16,21,25,26,31,14,31,9,25,26,21,16
8,10,15,19,23,28,16,10,19,8,23,28,15
11,18,19,22,24,32,7,32,19,22,18,24,11
11,20,21,22,24,27,15,22,21,27,24,20,11
4,5,6,11,21,31,10,6,31,4,21,11,5
2,6,11,26,28,29,3,28,26,2,6,29,11
1,14,23,25,29,30,3,25,23,14,1,29,30
1,16,17,21,27,30,16,21,1,27,30,16,17
14,15,21,24,27,32,12,21,24,14,27,32,15
2,6,13,22,29,31,8,22,29,2,31,13,6
5,6,9,14,21,33,2,14,33,9,21,6,5
5,13,14,23,25,31,2,31,13,5,23,25,14
1,7,10,11,26,27,11,7,27,10,1,11,26
2,3,5,9,13,28,11,9,13,5,2,3,28
6,15,17,18,23,30,11,30,23,18,15,17,6
4,5,11,14,28,32,4,28,5,4,11,14,32
1,6,7,14,18,26,16,7,14,18,6,1,26
3,7,10,18,21,24,12,3,10,18,7,24,21
5,10,20,23,26,31,3,26,10,23,31,5,20
1,17,24,28,32,33,2,28,1,24,17,32,33
2,14,20,24,28,32,16,28,14,24,2,20,32
21,22,25,28,29,30,8,28,21,22,25,29,30
1,6,7,11,13,15,5,7,6,11,13,1,15
8,13,14,18,23,33,6,23,13,14,18,8,33
4,6,9,14,20,29,14,14,6,29,20,4,9
3,14,16,20,31,32,9,16,14,32,3,20,31
2,6,12,17,25,28,12,17,12,28,6,25,2
1,19,25,26,27,33,10,1,25,27,26,33,19
3,7,20,21,25,31,14,25,31,7,20,3,21
4,7,11,14,29,32,12,7,32,11,14,4,29
5,8,15,20,27,30,13,30,20,5,8,27,15
6,14,19,20,21,23,8,20,23,19,14,21,6
2,5,7,9,11,27,16,9,7,27,2,11,5
6,10,23,25,26,29,5,29,26,23,10,6,25
7,11,12,13,18,19,16,13,11,7,18,19,12
5,9,13,15,18,26,5,15,5,18,13,26,9
1,8,11,26,28,31,4,28,11,26,1,31,8
7,18,24,29,31,33,16,7,33,18,24,31,29
1,14,16,17,20,31,4,16,31,20,1,14,17
14,18,19,26,30,31,11,31,18,30,26,14,19
2,20,21,28,31,33,6,31,20,21,2,33,28
2,7,8,9,17,29,11,9,29,17,7,8,2
13,14,20,25,27,31,12,31,20,13,25,27,14
5,9,10,12,17,19,13,5,9,17,12,10,19
5,10,17,23,26,32,7,10,17,26,23,5,32
1,8,17,20,21,22,3,21,22,8,17,1,20
3,10,21,23,27,33,11,27,10,3,21,23,33
11,12,13,19,26,28,12,12,19,26,11,28,13
6,8,13,15,22,33,6,8,13,33,15,22,6
9,12,20,24,28,31,7,9,20,31,28,12,24
11,15,20,21,26,33,15,11,26,21,15,20,33
1,11,12,18,25,27,16,27,11,25,12,18,1
3,6,11,26,30,32,12,6,30,3,11,26,32
2,12,13,18,25,27,7,27,2,25,13,18,12
3,11,12,16,21,23,9,21,16,23,11,3,12
6,9,10,14,28,30,5,10,30,14,6,9,28
3,4,6,11,23,28,14,4,11,28,6,23,3
7,14,19,21,22,23,3,14,22,19,21,7,23
12,15,16,21,26,29,16,16,29,26,12,15,21
11,19,22,26,31,32,2,32,11,26,19,31,22
4,13,16,19,21,25,14,25,13,4,21,16,19
4,7,12,14,26,32,4,4,7,26,12,14,32
2,7,9,14,18,28,5,28,7,14,9,18,2
3,8,11,14,18,23,16,8,3,18,11,14,23
1,2,9,14,22,25,5,2,22,9,14,25,1
13,14,20,21,25,33,7,13,14,20,33,25,21
2,16,18,19,27,30,14,19,16,30,27,18,2
21,22,23,24,25,32,6,25,22,23,21,32,24
4,19,20,22,28,33,6,33,20,4,19,28,22
1,5,11,22,23,26,15,23,5,22,11,26,1
7,10,11,17,23,28,15,10,7,23,17,11,28
8,17,24,26,28,33,4,24,28,8,26,33,17
1,6,7,8,27,30,10,30,8,1,7,6,27
15,23,24,25,28,29,9,23,24,29,15,28,25
8,12,18,19,23,32,3,32,12,19,8,18,23
1,3,8,13,18,23,16,18,3,8,23,1,13
7,8,20,23,24,32,13,23,8,7,24,20,32
6,10,21,28,29,31,12,31,21,28,6,29,10
1,4,6,8,21,24,7,21,4,6,8,1,24
5,9,12,17,27,30,6,9,30,27,17,12,5
3,4,6,25,26,30,1,4,30,6,25,3,26
10,13,14,18,20,31,3,10,18,14,20,13,31
6,7,12,16,22,25,7,7,25,12,6,22,16
1,12,20,25,30,31,2,31,25,20,12,30,1
1,3,4,11,19,23,2,19,3,1,11,4,23
1,2,4,10,18,19,7,4,2,1,10,18,19
5,7,20,23,27,31,4,27,31,5,20,23,7
3,5,6,9,15,32,14,6,3,15,9,5,32
1,4,10,11,14,27,6,11,27,4,14,10,1
4,6,18,22,25,33,16,33,4,6,22,18,25
7,9,10,12,22,26,7,7,9,22,26,12,10
1,3,6,20,21,26,1,20,3,6,21,1,26
5,15,17,19,20,30,13,19,15,20,17,30,5
7,12,13,16,26,31,7,7,16,13,31,12,26
4,6,8,13,22,32,11,22,6,4,32,13,8
4,8,13,25,30,31,10,13,8,31,25,4,30
9,10,11,12,18,23,7,10,18,23,11,9,12
2,18,19,24,25,33,11,19,24,33,2,25,18
5,6,10,16,20,25,12,5,16,10,25,20,6
2,5,10,11,17,21,5,11,21,5,17,10,2
1,4,6,14,28,33,1,6,1,28,4,33,14
9,16,17,19,22,26,10,22,16,17,19,9,26
1,4,9,12,15,18,5,12,9,1,18,15,4
8,10,17,20,27,30,1,8,10,17,30,20,27
6,13,17,19,23,31,12,23,6,31,19,13,17
4,9,15,16,19,27,10,4,19,16,27,9,15
2,5,6,13,16,19,3,13,16,5,6,19,2
11,16,19,22,25,30,8,16,22,25,19,11,30
2,9,14,15,16,23,10,9,23,2,15,16,14
9,11,14,20,27,30,9,30,27,9,20,11,14
7,9,12,13,22,24,11,9,22,13,24,7,12
3,7,8,15,29,30,13,30,3,29,15,7,8
2,5,9,15,20,24,10,5,24,20,15,9,2
3,10,14,17,18,30,12,10,18,3,30,14,17
14,15,17,22,24,29,13,17,15,29,22,24,14
4,7,13,20,29,33,3,33,20,4,13,7,29
1,2,12,16,20,26,3,26,2,20,12,16,1
6,12,14,20,22,24,9,20,22,14,24,12,6
4,9,18,21,32,33,3,33,4,32,18,9,21
5,6,8,12,22,24,3,6,22,24,8,12,5
4,10,25,26,30,33,6,10,30,4,26,33,25
2,7,17,21,23,26,16,21,7,23,17,2,26
1,5,10,16,18,31,3,1,31,5,18,16,10
3,5,12,29,30,32,14,29,30,3,12,5,32
6,9,12,14,18,27,14,6,27,18,12,9,14
1,2,4,10,14,23,7,4,10,1,23,2,14
6,11,13,17,25,32,7,13,25,6,11,32,17
6,10,16,19,24,33,16,10,19,16,6,24,33
4,18,20,21,29,33,7,21,18,29,33,4,20
4,7,16,20,24,30,5,7,30,16,20,24,4
10,11,12,21,26,33,9,26,12,21,10,33,11
1,5,9,20,28,32,12,32,5,28,9,1,20
1,2,17,20,25,28,13,25,17,28,2,1,20
6,10,11,20,29,32,13,11,10,29,32,20,6
3,7,8,14,25,32,6,3,32,14,8,7,25
2,11,14,15,29,33,2,2,15,29,14,11,33
1,3,14,26,29,33,9,29,33,1,3,14,26
2,6,11,19,21,28,5,21,6,11,28,2,19
2,9,15,22,23,24,16,22,15,23,2,9,24
2,3,6,19,25,29,1,25,6,3,2,29,19
4,5,13,18,19,25,1,25,13,18,4,5,19
4,18,19,24,25,26,10,19,18,26,24,4,25
1,2,5,12,20,22,1,12,20,2,1,22,5
5,13,18,21,26,30,2,26,30,13,5,18,21
10,11,18,23,31,33,15,31,23,11,10,33,18
11,13,16,21,22,23,2,11,13,23,21,22,16
1,7,14,24,25,28,8,14,24,28,7,1,25
5,8,18,25,26,31,4,18,26,8,31,25,5
1,6,9,16,25,26,9,9,16,1,6,26,25
1,7,15,16,20,27,14,1,16,20,15,7,27
1,13,19,24,26,29,11,26,1,24,29,13,19
5,14,17,22,23,28,15,17,22,5,14,23,28
8,11,15,17,23,25,5,8,15,17,25,23,11
8,12,21,22,27,31,9,31,8,22,12,27,21
3,13,14,16,25,27,12,25,16,13,3,27,14
3,4,18,26,27,33,1,33,4,3,26,27,18
6,8,14,19,23,25,11,25,14,19,6,23,8
5,7,20,22,30,32,10,32,5,30,22,20,7
13,21,24,27,31,32,1,27,31,13,21,24,32
9,13,14,19,22,25,2,9,13,22,19,14,25
3,10,11,14,15,32,2,11,32,3,14,10,15
1,6,8,9,14,22,5,14,9,22,6,8,1
2,5,6,7,11,15,12,5,11,7,15,2,6
6,7,8,19,22,23,2,8,7,6,23,19,22
2,4,6,16,18,19,16,4,18,19,6,2,16
5,12,17,18,24,28,12,5,24,28,12,17,18
21,22,24,31,32,33,1,33,31,21,22,24,32
1,2,9,10,15,22,6,15,9,1,10,2,22
2,4,11,12,18,32,13,12,18,11,4,32,2
3,16,18,31,32,33,12,31,3,33,32,16,18
1,3,6,10,11,29,16,1,29,6,10,3,11
10,12,15,25,26,27,14,15,26,10,12,25,27
3,5,11,15,20,23,9,23,20,11,15,5,3
1,10,25,27,30,32,9,32,25,10,1,30,27
11,18,20,23,31,32,15,23,32,31,20,11,18
1,15,20,22,25,28,14,25,15,22,28,20,1
11,14,16,18,24,33,4,18,16,14,33,11,24
5,8,10,11,27,28,11,5,11,28,10,8,27
4,6,15,28,32,33,14,32,28,4,15,6,33
8,13,17,18,20,27,13,13,20,27,17,8,18
3,9,13,22,23,25,6,23,25,22,3,13,9
2,10,11,17,18,29,16,17,10,29,18,11,2
3,15,17,23,27,30,11,30,3,27,23,17,15
3,6,18,19,21,31,1,18,21,19,3,6,31
1,7,8,10,12,24,1,1,8,7,24,10,12
6,8,15,19,20,31,5,15,31,19,8,20,6
5,15,19,25,26,29,15,19,29,26,15,5,25
4,14,16,23,28,29,3,14,4,23,29,16,28
1,7,17,23,25,31,11,17,7,23,25,1,31
6,10,13,15,32,33,15,32,33,13,15,6,10
4,5,6,8,9,18,11,18,6,4,8,5,9
13,17,20,21,22,27,1,20,21,22,17,13,27
8,12,16,19,26,32,3,8,26,32,16,12,19
21,22,26,28,31,32,7,28,22,31,32,21,26
1,5,10,19,26,28,12,1,10,19,26,28,5
6,10,14,15,19,23,15,15,23,6,14,10,19
2,6,9,13,28,32,12,28,32,13,2,6,9
1,7,10,22,31,32,15,22,31,1,10,7,32
2,4,5,8,11,30,2,11,8,2,30,5,4
10,13,19,21,24,30,7,19,13,30,10,24,21
7,10,21,23,31,33,14,33,7,23,31,10,21
5,7,14,16,18,21,1,5,7,16,18,21,14
1,2,3,14,19,33,3,19,14,1,2,33,3
11,15,16,20,24,31,4,15,31,24,20,16,11
5,7,9,11,19,25,5,11,5,9,7,25,19
4,5,24,28,30,33,9,24,5,4,30,28,33
4,11,18,19,26,32,4,19,32,18,4,26,11
3,11,17,18,24,25,6,11,25,3,17,18,24
2,12,13,23,27,28,12,12,2,27,28,13,23
2,5,7,8,20,27,4,8,5,7,27,2,20
3,7,11,21,30,33,7,30,21,33,3,11,7
1,10,14,15,18,31,13,10,31,14,1,15,18
1,8,23,25,28,29,10,23,29,28,8,25,1
15,16,21,27,30,33,4,21,33,15,16,27,30
3,13,15,19,20,27,14,27,3,19,13,15,20
2,6,8,10,11,17,13,6,10,11,8,2,17
4,19,22,26,29,30,11,29,30,26,4,22,19
8,11,17,23,32,33,10,32,17,33,23,8,11
4,5,7,10,12,22,16,10,4,22,5,12,7
3,13,15,18,21,33,16,18,21,15,13,3,33
4,8,9,13,28,33,4,13,8,33,28,9,4
9,15,19,21,23,29,15,15,21,29,23,19,9
9,11,15,22,24,26,3,11,9,26,24,22,15
1,5,7,9,10,20,16,1,9,5,20,10,7
2,10,13,16,23,32,8,23,10,13,2,32,16
1,7,12,14,18,25,10,18,1,14,25,7,12
9,12,21,27,29,30,5,21,30,12,9,27,29
6,7,11,14,27,32,8,7,27,11,32,6,14
5,6,9,18,23,31,11,23,5,9,18,31,6
2,9,13,23,24,26,16,26,13,2,24,9,23
15,17,19,22,25,26,4,22,25,26,15,19,17
1,6,12,13,24,32,13,1,13,32,6,12,24
6,14,16,17,23,29,7,23,16,17,29,14,6
1,6,17,19,27,31,14,31,1,27,6,17,19
2,12,16,22,25,32,6,2,16,12,32,25,22
3,11,18,25,30,33,14,18,25,3,11,30,33
3,7,10,12,18,29,10,29,18,3,7,10,12
3,10,13,22,23,28,15,23,13,3,28,22,10
4,6,10,11,21,23,2,4,10,11,21,6,23
8,9,10,13,15,28,9,10,15,9,28,8,13
3,6,9,13,16,19,16,9,3,16,19,6,13
4,16,22,25,29,31,8,22,31,16,4,25,29
7,10,11,15,24,26,11,15,26,7,10,24,11
1,6,11,15,19,31,10,31,6,1,19,15,11
13,14,17,19,21,29,1,19,21,14,13,17,29
4,5,6,8,13,18,16,18,4,13,5,6,8
7,8,12,21,23,27,12,7,12,8,27,21,23
4,5,7,9,16,18,6,9,5,18,16,4,7
3,4,14,20,23,27,1,14,20,3,27,23,4
3,17,19,24,27,31,12,27,17,19,24,3,31
7,13,16,23,26,30,1,30,7,26,16,23,13